0.74533194,0
0.99985516,0
0.94237155,0
0.5521416,0
0.9617863,0
0.994997,0
0.9999236,0
0.9999504,0
0.95673025,0
0.49540904,0
0.6385662,0
0.9909088,0
0.9005683,0
0.99850357,0
0.9998479,0
0.98909354,0
0.9873568,0
0.9999938,0
0.999954,0
0.9955433,0
0.1384176,0
0.9994947,0
0.8148001,0
0.9999708,0
0.9990114,0
0.14849757,0
0.9681019,0
0.99872005,0
0.91626066,0
0.9995821,0
0.9791767,0
0.99999976,0
0.22478175,0
0.99947137,0
0.9999765,0
0.90840805,0
0.030921474,0
0.99980694,0
0.99998534,0
0.9793463,0
0.9981768,0
0.9676464,0
0.9994562,0
0.99425524,0
0.9962534,0
0.9999846,0
0.4459738,0
0.9706679,0
0.9997862,0
0.15047646,0
0.99999666,0
0.14800681,0
0.21405435,0
0.85388446,0
0.9778972,0
0.99998987,0
0.9843162,0
0.93247175,0
0.99962807,0
0.99997437,0
0.99987876,0
0.546199,0
0.85676014,0
0.41443282,0
0.90370816,0
0.29458776,0
0.85713047,0
0.57756466,0
0.25331244,0
0.6794073,0
0.98353875,0
0.00075683,0
0.013897686,0
0.68530047,0
0.99888116,0
0.9589224,0
0.5098713,0
0.9520026,0
0.44536403,0
0.46493638,0
0.020155685,0
0.9009754,0
0.5694272,0
0.96949726,0
0.18815449,0
0.72949475,0
0.4227728,0
0.00485774,0
0.4500014,0
0.93128747,0
0.48548093,0
0.15005343,0
0.25966522,0
0.004766927,0
0.9969091,0
0.9861413,0
0.96099585,0
0.9990602,0
0.21029085,0
0.9972306,0
0.9991591,0
0.8569201,0
0.8776214,0
0.389033,0
0.9992016,0
0.5914845,0
0.7812139,0
0.88265514,0
0.7873976,0
0.99635506,0
0.9851208,0
0.99692947,0
0.9831517,0
0.93118906,0
0.8614833,0
0.9978801,0
0.598834,0
0.9412563,0
0.99547005,0
0.83369964,0
0.9888455,0
0.006994797,0
0.98884994,0
0.9593291,0
0.13661815,0
0.078827,0
0.99593264,0
0.80090016,0
0.9882781,0
0.995828,0
0.9874928,0
0.24968442,0
0.98318166,0
0.98997295,0
0.9642545,0
0.99560624,0
0.83097476,0
0.9696904,0
0.36730835,0
0.36609405,0
0.9364759,0
0.96926975,0
0.99993455,0
0.9735541,0
0.9831843,0
0.20052642,0
0.027825959,0
0.88317573,0
0.97237486,0
0.9995598,0
0.9718043,0
0.011729153,0
0.9790317,0
0.10650672,0
0.79264694,0
0.9504049,0
0.9993179,0
0.32907775,0
0.99716765,0
0.051895026,0
0.10794436,0
0.89921737,0
0.8480284,0
0.044052314,0
0.98369366,0
0.99910754,0
0.036679357,0
0.9970379,0
0.99228024,0
0.9951747,0
0.9994286,0
0.9896047,0
0.9284832,0
0.003186834,0
0.018293133,0
0.691968,0
0.97033226,0
0.9997247,0
0.9221763,0
0.99988604,0
0.9961494,0
0.9935959,0
0.9999578,0
0.9999974,0
0.99994195,0
0.99824405,0
0.9988412,0
0.9996625,0
0.9999243,0
0.9991505,0
0.49542877,0
0.8372699,0
0.9678215,0
0.9972192,0
0.9949945,0
0.99923015,0
0.9998105,0
0.99982554,0
0.9909593,0
0.9996222,0
0.9996933,0
0.9992009,0
0.9990897,0
0.99101686,0
0.9992873,0
0.9999918,0
0.99999523,0
0.96116114,0
0.999961,0
0.99996793,0
0.9966583,0
0.9999887,0
0.99923337,0
0.98508155,0
0.9999629,0
0.999923,0
0.9999919,0
0.7501865,0
0.9884879,0
0.9999796,0
0.91023624,0
0.99174786,0
0.9980046,0
0.99256223,0
0.9705913,0
0.9999242,0
0.999741,0
0.9999939,0
0.9887842,0
0.99976116,0
0.99794644,0
0.99997604,0
0.9700992,0
0.9983846,0
0.99608326,0
0.9998012,0
0.23336172,0
0.99945873,0
0.99677,0
0.9940211,0
0.9433095,0
0.9999081,0
0.9998011,0
0.9997391,0
0.973524,0
0.95945364,0
0.9999937,0
0.99998534,0
0.9467035,0
0.9940739,0
0.9991478,0
0.998522,0
0.999382,0
0.023145087,0
0.99742776,0
0.9999244,0
0.98816735,0
0.63765144,0
0.7439062,0
0.34345406,0
0.9999809,0
0.9999604,0
0.9949239,0
0.9812687,0
0.999977,0
0.998173,0
0.9988274,0
0.9927481,0
0.77675605,0
0.027856527,0
0.99977535,0
0.15272492,0
0.9747943,0
0.9990538,0
0.9965391,0
0.92667574,0
0.9999032,0
0.9995316,0
0.9999709,0
0.9994436,0
0.99391574,0
0.99608624,0
0.99983275,0
0.9850804,0
0.99148107,0
0.99999595,0
0.9995035,0
0.9949303,0
0.9902621,0
0.9738314,0
0.99997914,0
0.97157615,0
0.8040417,0
0.8879986,0
0.99999297,0
0.99364156,0
0.99747425,0
0.98486125,0
0.999949,0
0.99804354,0
0.99965775,0
0.89299667,0
0.9951768,0
0.97562784,0
0.8962579,0
0.6661529,0
0.99882203,0
0.000261613,0
0.95359623,0
0.8794705,0
0.001993206,0
0.9107122,0
0.031618133,0
0.94865406,0
0.7578175,0
0.99890363,0
0.9938863,0
0.9938414,0
0.026420344,0
0.030709371,0
0.9986349,0
0.056879736,0
0.93795675,0
0.11274584,0
0.7476294,0
0.9993326,0
0.20851113,0
0.13243912,0
0.83568364,0
0.9926549,0
0.9984775,0
0.02019875,0
0.9999968,0
0.99847,0
0.90381074,0
0.009684064,0
0.07389048,0
0.99984837,0
0.012752545,0
0.05975723,0
0.94820654,0
0.99899536,0
0.9980564,0
0.34254533,0
0.002098003,0
0.9236417,0
0.043512676,0
0.99734575,0
0.33171612,0
0.93323255,0
0.99999857,0
0.05456451,0
0.00306531,0
0.9997204,0
0.36911458,0
0.99977356,0
0.2604373,0
0.9999894,0
0.99964523,0
0.62448794,0
0.9920797,0
0.9995371,0
0.07079214,0
0.99617094,0
0.07630797,0
0.9784037,0
0.9805915,0
0.3838049,0
0.009081814,0
0.9999559,0
0.68952644,0
0.999746,0
0.9948218,0
0.07366341,0
0.99994755,0
0.11806201,0
0.9861677,0
0.9206002,0
0.62251747,0
0.6988093,0
0.98098993,0
0.99945503,0
0.9968876,0
0.32901323,0
0.042780995,0
0.09450878,0
0.99995947,0
0.99980384,0
0.98231965,0
0.9998149,0
0.99926156,0
0.34062612,0
0.9774885,0
0.19045326,0
0.57091415,0
0.8770714,0
0.9999579,0
0.8839648,0
0.9966344,0
0.27017802,0
0.05435935,0
0.9974293,0
0.18739684,0
0.9999263,0
0.99998546,0
0.003313238,0
0.002460058,0
0.723773,0
0.8897585,0
0.99933064,0
0.99999714,0
0.9999052,0
0.85460126,0
0.8721985,0
0.9999989,0
0.51474184,0
0.017137324,0
0.06365444,0
0.026059087,0
0.99935097,0
0.99906296,0
0.010530001,0
0.84430563,0
0.8882432,0
0.025710491,0
0.33096835,0
0.92341477,0
0.9426039,0
0.9996332,0
0.066047214,0
0.87607706,0
0.99837047,0
0.097424984,0
0.9696633,0
0.993137,0
0.9998603,0
0.8748248,0
0.9942059,0
0.99528605,0
0.99936193,0
0.21710826,0
0.96752596,0
0.90673214,0
0.88517827,0
0.57542086,0
0.99899524,0
0.000703035,0
0.12998208,0
0.9272226,0
0.8873706,0
0.9999875,0
0.912255,0
0.99037933,0
0.054892223,0
0.959152,0
0.9701586,0
0.97821015,0
0.57800585,0
0.5455193,0
0.972697,0
0.50916785,0
0.95086735,0
0.005560454,0
0.11370615,0
0.006465245,0
0.9601483,0
0.14431301,0
0.9900075,0
0.956451,0
0.051312257,0
0.9996313,0
0.5641918,0
0.975525,0
0.99809283,0
0.97868335,0
0.99711835,0
0.997283,0
0.9993017,0
0.95121026,0
0.44232544,0
0.9922502,0
0.98777175,0
0.7753484,0
0.9990908,0
0.99707484,0
0.98578125,0
0.9918367,0
0.99849784,0
0.924006,0
0.4286265,0
0.7730575,0
0.9363515,0
0.48839575,0
0.29539058,0
0.6509736,0
0.907549,0
0.4307337,0
0.7038032,0
0.98397946,0
0.003332265,0
0.9992644,0
0.780876,0
0.27093866,0
0.008457487,0
0.87623686,0
0.03285927,0
0.37586114,0
0.9710811,0
0.36132532,0
0.000847593,0
0.998869,0
0.95553845,0
0.11371747,0
0.9582637,0
0.97435874,0
0.9988206,0
0.84106624,0
0.99820507,0
0.9598241,0
0.9997516,0
0.64883673,0
0.99591404,0
0.99808526,0
0.99777967,0
0.9589297,0
0.9066905,0
0.98125345,0
0.9793528,0
0.99997056,0
0.9979888,0
0.9975189,0
0.99068475,0
0.9996332,0
0.9996669,0
0.9953616,0
0.99972886,0
0.5957943,0
0.9947411,0
0.9984315,0
0.57366616,0
0.9975261,0
0.99989843,0
0.9994241,0
0.9992613,0
0.98636174,0
0.98841107,0
0.75706863,0
0.9971782,0
0.9997577,0
0.98147744,0
0.90714633,0
0.99998784,0
0.9994265,0
0.9999982,0
0.9999733,0
0.9999951,0
0.99985564,0
0.99960464,0
0.999731,0
0.9999207,0
0.9998995,0
0.98542005,0
0.99999094,0
0.99992406,0
0.9833187,0
0.8955508,0
0.99853456,0
0.9999106,0
0.9947143,0
0.9033774,0
0.98079234,0
0.99083894,0
0.9960323,0
0.78541046,0
0.9703644,0
0.99124104,0
0.9996904,0
0.99981934,0
0.9999765,0
0.9999989,0
0.99999547,0
0.99992585,0
0.9992619,0
0.9832398,0
0.9923482,0
0.99947816,0
0.9973455,0
0.9304492,0
0.9294345,0
0.99998283,0
0.99997485,0
0.99991584,0
0.9998945,0
0.9981501,0
0.47976807,0
0.9999926,0
0.99533325,0
0.99870956,0
0.99914587,0
0.99288493,0
0.9795425,0
0.9519166,0
0.9330458,0
0.99015594,0
0.9887727,0
0.9906343,0
0.97529864,0
0.9993401,0
0.9012852,0
0.99675506,0
0.9950864,0
0.9783546,0
0.9999484,0
0.99988914,0
0.99998057,0
0.6241988,0
0.99092007,0
0.9991186,0
0.9999064,0
0.9997985,0
0.9999753,0
0.9999994,0
0.9999454,0
0.99904436,0
0.99999607,0
0.99997795,0
0.9999969,0
0.99987495,0
0.9999678,0
0.99999595,0
0.99998987,0
0.9999987,0
0.9999783,0
0.9999975,0
0.9999932,0
0.9999006,0
0.99952626,0
0.9999913,0
0.99993753,0
0.99992526,0
0.99998534,0
0.99965286,0
0.9996711,0
0.9998909,0
0.9997466,0
0.964409,0
0.9999931,0
0.984622,0
0.99999666,0
0.9999988,0
0.99989116,0
0.99997365,0
0.99999547,0
0.9999696,0
0.9999999,0
0.9999634,0
0.99999845,0
0.99995637,0
0.9992091,0
0.99995744,0
0.9999702,0
0.9998895,0
0.99968517,0
0.99952555,0
0.9999938,0
0.99921787,0
0.9989229,0
0.99999905,0
0.9997389,0
0.99967563,0
0.9922637,0
0.9999014,0
0.99985015,0
0.999303,0
0.9999993,0
0.99533683,0
0.99999666,0
0.99998283,0
0.9999883,0
0.99893767,0
0.99999964,0
0.9995466,0
1,0
0.99999976,0
0.9994198,0
0.9997762,0
0.99996865,0
0.99978715,0
0.999946,0
0.9989507,0
0.99990463,0
0.36328748,0
0.9318971,0
0.99995005,0
0.9834036,0
0.99999166,0
0.9999995,0
0.99999964,0
1,0
0.9662793,0
0.99011856,0
0.98225075,0
0.99999464,0
0.99920887,0
0.9997882,0
0.99931633,0
0.91638297,0
0.99997985,0
0.9999443,0
0.99998176,0
0.9999987,0
0.9999534,0
0.99955946,0
0.9999925,0
0.99722606,0
0.93229234,0
0.9998976,0
0.9539243,0
0.99999917,0
0.997502,0
0.99999523,0
0.999416,0
0.9999814,0
0.99822265,0
0.99999774,0
0.999992,0
0.35107806,0
0.9645243,0
0.9999212,0
0.99989164,0
0.9999541,0
0.9994178,0
0.9994628,0
0.9835444,0
0.999688,0
0.9999286,0
0.61062527,0
0.99999917,0
0.99980384,0
0.9999504,0
0.9944718,0
0.99928194,0
0.9634823,0
0.9999751,0
0.9971187,0
0.99999857,0
0.44630894,0
0.9899478,0
0.97388387,0
0.99166626,0
0.99815136,0
0.9994918,0
0.8724296,0
0.9966011,0
0.913999,0
0.9997266,0
0.880428,0
0.9998853,0
0.9986274,0
0.9999714,0
0.006892248,0
0.99994636,0
0.9941598,0
0.93670446,0
0.99599236,0
0.99977285,0
0.99998975,0
0.9999919,0
0.97639424,0
0.98844916,0
0.9999807,0
0.9996124,0
0.99824643,0
0.99985075,0
0.9936644,0
0.99901986,0
0.9892669,0
0.86581546,0
0.9999999,0
0.99999547,0
0.97293615,0
0.82228565,0
0.99946576,0
0.015957346,0
0.99544996,0
0.99991095,0
0.98521,0
0.95969254,0
0.85370624,0
0.5235417,0
0.9828892,0
0.78099096,0
0.72667295,0
0.9985026,0
0.7665812,0
0.18723698,0
0.8918825,0
0.19560401,0
0.9919961,0
0.047697328,0
0.9093951,0
0.95515406,0
0.99119383,0
0.98892236,0
0.9997961,0
0.36817893,0
0.69012684,0
0.99957186,0
0.9998336,0
0.99904865,0
0.9993327,0
0.9994535,0
0.9839064,0
0.01867845,0
0.9380908,0
0.70510465,0
0.971202,0
0.9629549,0
0.93435496,0
0.86542165,0
0.14694254,0
0.75211596,0
0.48251495,0
0.19032261,0
0.9968753,0
0.98118824,0
0.49361446,0
0.99570364,0
0.2589389,0
0.13374226,0
0.9978161,0
0.1937133,0
0.9983467,0
0.9965834,0
0.55340374,0
0.8833024,0
0.9697954,0
0.99998546,0
0.99767154,0
0.9549153,0
0.05135848,0
0.9999317,0
0.99968755,0
0.9999888,0
0.9986512,0
0.99993455,0
0.9993599,0
0.99761885,0
0.99614656,0
0.99998224,0
0.9998888,0
0.99992144,0
0.9996395,0
0.99453473,0
0.5951298,0
0.9991074,0
0.9401631,0
0.99636453,0
0.99698025,0
0.98515594,0
0.9999765,0
0.98867804,0
0.99953675,0
0.9997619,0
0.9999943,0
0.99999976,0
0.9999999,0
0.99523735,0
0.998245,0
0.9956573,0
0.9994562,0
0.9967618,0
0.9997069,0
0.9987023,0
0.9991726,0
0.99954873,0
0.9991461,0
0.9993204,0
0.99991333,0
0.9999882,0
0.9999987,0
0.9998586,0
0.9999987,0
0.99996805,0
0.99993765,0
0.9998523,0
0.9999963,0
0.9831911,0
0.99999964,0
0.96294445,0
0.9999267,0
0.99985003,0
0.999943,0
0.9244929,0
0.9995407,0
0.9969531,0
0.999997,0
0.9975331,0
0.99991965,0
0.99940276,0
0.9999906,0
0.99728787,0
0.9999248,0
0.97877526,0
0.99996614,0
0.9999995,0
0.99999964,0
0.9999597,0
0.99998796,0
0.99977154,0
0.9999515,0
0.9979709,0
0.9999968,0
0.99991,0
0.99999464,0
0.99586606,0
0.96155936,0
0.9999949,0
0.9995214,0
0.9998006,0
0.9985228,0
0.9983302,0
0.99999964,0
0.9999733,0
0.9994741,0
0.9995208,0
0.99989045,0
0.99910384,0
0.999874,0
0.9999038,0
0.9999925,0
0.999998,0
0.9998771,0
0.9993311,0
0.9947909,0
0.9968989,0
0.8969162,0
0.99990547,0
0.99852645,0
0.99996233,0
0.99931455,0
0.9995179,0
0.9617741,0
0.99849045,0
0.89470506,0
0.99600285,0
0.99987304,0
0.9996007,0
0.8354298,0
0.9999726,0
0.99858034,0
0.99562496,0
0.99443,0
0.9999931,0
0.9999168,0
0.99035686,0
0.99879456,0
0.7336747,0
0.99900997,0
0.97238624,0
0.99998343,0
0.9997936,0
0.9996233,0
0.9994758,0
0.97935677,0
0.99962294,0
0.99999976,0
0.99749774,0
0.99997437,0
0.999828,0
0.9143768,0
0.9997063,0
0.9961522,0
0.980112,0
0.99995303,0
0.9665375,0
0.9793072,0
0.9999808,0
0.9989538,0
0.9989759,0
0.99999905,0
0.97532916,0
0.99620783,0
0.99370027,0
0.9971635,0
0.8617006,0
0.9741478,0
0.99858236,0
0.9999535,0
0.99990356,0
0.99997854,0
0.9998964,0
0.9997445,0
0.99883264,0
0.9999474,0
0.982447,0
0.26799506,0
0.99992406,0
0.9952656,0
0.9994747,0
0.99952745,0
0.9698877,0
0.99876535,0
0.99373454,0
0.9981073,0
0.99972576,0
0.9980202,0
0.9983639,0
0.9994917,0
0.02292725,0
0.9999957,0
0.9978325,0
0.97563374,0
0.99988985,0
0.9733523,0
0.96554357,0
0.97650325,0
0.99980134,0
0.999553,0
0.99995995,0
0.99989927,0
0.9996681,0
0.99999464,0
0.82703435,0
0.99556184,0
0.99999785,0
0.99989784,0
0.9998919,0
0.9999937,0
0.9977704,0
0.9998555,0
0.99978966,0
0.99107355,0
0.9697132,0
0.99415743,0
0.99808276,0
0.99829537,0
0.99997056,0
0.99990785,0
0.9997818,0
0.9980184,0
0.9999968,0
0.99989784,0
0.999724,0
0.99999845,0
0.9999939,0
0.9999814,0
0.9996654,0
0.99994373,0
0.9999279,0
0.98253137,0
0.9996904,0
0.98416406,0
0.9999995,0
0.9998361,0
0.9999925,0
0.9996356,0
0.9977047,0
0.99383426,0
0.9994475,0
0.99940145,0
1,0
0.99979085,0
0.99959093,0
0.9999727,0
0.9998167,0
0.99427974,0
0.8981682,0
0.99999213,0
0.99999976,0
0.9997008,0
0.99980825,0
0.99885046,0
0.9999925,0
0.9999713,0
0.9995592,0
0.99998426,0
0.9999888,0
0.99806195,0
0.9982382,0
1,0
0.99996746,0
0.9999995,0
0.99997103,0
0.9992292,0
0.8531497,0
0.999969,0
0.9999696,0
0.99998367,0
0.9999982,0
0.99981636,0
0.99992144,0
0.9497601,0
0.9999988,0
0.9999293,0
0.9999981,0
0.9999621,0
0.99999857,0
0.99996996,0
0.99999607,0
0.9990656,0
0.9985642,0
0.99958354,0
0.99999213,0
0.99999964,0
0.99990225,0
0.99999666,0
0.99995553,0
0.99994504,0
0.999772,0
0.9999205,0
0.9907212,0
0.55066013,0
0.9786042,0
0.85755587,0
0.99999404,0
0.9999434,0
0.99999464,0
0.9999943,0
0.9999918,0
0.99999213,0
0.9992355,0
0.9998667,0
0.99990034,0
0.99972135,0
0.9888488,0
0.3847859,0
0.8872576,0
0.8921463,0
0.7982965,0
0.9192339,0
0.76556045,0
0.9931351,0
0.99999785,0
0.99949884,0
0.9993616,0
0.9968997,0
0.9669923,0
0.07374661,0
0.9999982,0
0.013295014,0
0.99959594,0
0.9968399,0
0.99956876,0
0.9929304,0
0.9836767,0
0.9612553,0
0.03877491,0
0.9999956,0
0.58622056,0
0.73702,0
0.98241156,0
0.92888737,0
0.9952447,0
0.9999987,0
0.9987501,0
0.9998994,0
0.04500272,0
0.99627507,0
0.9917515,0
0.9339321,0
0.9903514,0
0.6723641,0
0.99995506,0
0.9770677,0
0.99999475,0
0.99978155,0
0.9994837,0
0.98344326,0
0.9999064,0
0.5968019,0
0.99992585,0
0.99982375,0
0.9975249,0
0.99997044,0
0.87901205,0
0.99999976,0
0.99989295,0
0.90632206,0
0.99996877,0
0.99676883,0
0.9999833,0
0.8804708,0
0.99984384,0
0.9916517,0
0.30990303,0
0.980097,0
0.2405162,0
0.9909204,0
0.9995402,0
0.99946827,0
0.91705126,0
0.969139,0
0.9998808,0
0.99992967,0
0.9999869,0
0.3361981,0
0.8632739,0
0.99970216,0
0.507928,0
0.9996476,0
0.9946689,0
0.999992,0
0.30194777,0
0.99907804,0
0.6106704,0
0.9584662,0
0.95787656,0
0.6132066,0
0.7536699,0
0.9966126,0
0.33569625,0
0.99959856,0
0.99914324,0
0.99994564,0
0.9987178,0
0.696814,0
0.96937424,0
0.9419053,0
0.9940492,0
0.46023783,0
0.99422944,0
0.9978289,0
0.99749136,0
0.64914954,0
0.97419715,0
0.99982905,0
0.99966943,0
0.9983662,0
0.99739933,0
0.9994363,0
0.9931846,0
0.9997439,0
0.99977344,0
0.9993729,0
0.99136496,0
0.9971855,0
0.9989586,0
0.99985874,0
0.99995494,0
0.99989736,0
0.99926263,0
0.999933,0
0.99992085,0
0.99994624,0
0.9972813,0
0.99985147,0
0.98791504,0
0.99567974,0
0.99711406,0
0.99900466,0
0.9999981,0
0.9998449,0
0.9982918,0
0.9981102,0
0.99998057,0
0.999969,0
0.9999267,0
0.9944781,0
0.98975676,0
0.9982187,0
0.99974996,0
0.99478155,0
0.9990376,0
0.9932782,0
0.9998197,0
0.9999857,0
0.9919904,0
0.99989176,0
0.9975465,0
0.99708,0
0.9999969,0
0.9999751,0
0.9971801,0
0.9956676,0
0.9999901,0
0.99999416,0
0.9937742,0
0.9998858,0
0.9972268,0
0.99991524,0
0.9996791,0
0.99656713,0
0.9924315,0
0.999946,0
0.9999236,0
0.9999927,0
0.99961543,0
0.9811162,0
0.9999857,0
0.9999957,0
0.8362317,0
0.9999994,0
0.42780235,0
0.9999697,0
0.80743784,0
0.2250968,0
0.99996877,0
0.9999896,0
0.99991274,0
0.9999951,0
0.9995747,0
0.9954529,0
0.99999714,0
0.9983771,0
0.9996418,0
0.99453485,0
0.9999895,0
0.999997,0
0.99988186,0
0.99997306,0
0.99734145,0
0.9999981,0
0.99939954,0
0.9998078,0
0.9999256,0
0.91406405,0
0.8702353,0
0.99999905,0
0.9483147,0
0.99998534,0
0.98421973,0
0.999772,0
0.99694186,0
0.96245915,0
0.99999225,0
0.999841,0
0.99999356,0
0.9995647,0
0.9995869,0
0.9999516,0
0.9999987,0
0.99997056,0
0.9999887,0
0.99936575,0
0.9964057,0
0.9804449,0
0.998806,0
0.7193872,0
0.91896695,0
0.31183058,0
0.9982095,0
0.06928337,0
0.97513187,0
0.5341095,0
0.15251149,0
0.9863055,0
0.8227766,0
0.99887496,0
0.99926585,0
0.99711657,0
0.91791326,0
0.99446195,0
0.9268392,0
0.12639213,0
0.8201823,0
0.8644155,0
0.9824537,0
0.6091685,0
0.1757614,0
0.018479593,0
0.28753918,0
0.061686654,0
0.10351461,0
0.035233065,0
0.009644978,0
0.94203335,0
0.9982889,0
0.95286673,0
0.018447487,0
0.2807503,0
0.562437,0
0.974555,0
0.9753807,0
0.47743955,0
0.999041,0
0.9966068,0
0.8994365,0
0.9993574,0
0.6458661,0
0.44135672,0
0.005660472,0
0.41860503,0
0.29703236,0
0.33200312,0
0.45238927,0
0.9999722,0
0.28679112,0
0.981111,0
0.99956423,0
0.48467743,0
0.94892234,0
0.5633776,0
0.6233689,0
0.071349956,0
0.75002533,0
0.58489025,0
0.9617754,0
0.99977,0
0.9288607,0
0.9990914,0
0.15851027,0
0.2973875,0
0.9820149,0
0.9881386,0
0.99781656,0
0.98968387,0
0.9985214,0
0.5046894,0
0.8258133,0
0.9974234,0
0.85375375,0
0.9338041,0
0.9653758,0
0.050242912,0
0.99995005,0
0.99895144,0
0.28405163,0
0.64124644,0
0.9990602,0
0.32786646,0
0.99990356,0
0.9923436,0
0.45456016,0
0.9906793,0
0.18292157,0
0.12925732,0
0.36914718,0
0.99693215,0
0.97374976,0
0.99927026,0
0.9996791,0
0.9472595,0
0.77857816,0
0.97641784,0
0.91055894,0
0.010787523,0
0.9694584,0
0.95627046,0
0.99792993,0
0.9997317,0
0.98186696,0
0.9807029,0
0.7332445,0
0.9423398,0
0.79412305,0
0.9786011,0
0.81173617,0
0.3471517,0
0.53217524,0
0.67936724,0
0.9999511,0
0.9988294,0
0.9927366,0
0.9992254,0
0.41252524,0
0.55713946,0
0.8309736,0
0.99990416,0
0.96154183,0
0.53864,0
0.9420522,0
0.40479562,0
0.993947,0
0.9324392,0
0.21466577,0
0.7240465,0
0.21042643,0
0.99304575,0
0.28042004,0
0.98795086,0
0.6375815,0
0.9803324,0
0.9897975,0
0.9994136,0
0.050602864,0
0.9355258,0
0.9968065,0
0.99682295,0
0.85767967,0
0.9984018,0
0.9999809,0
0.9983633,0
0.999962,0
0.9849342,0
0.9981388,0
0.65080667,0
0.9971433,0
0.9396916,0
0.3602231,0
0.99392706,0
0.94774336,0
0.5732088,0
0.9659955,0
0.01784633,0
0.9927711,0
0.20240112,0
0.99758625,0
0.9997929,0
0.99943537,0
0.3026967,0
0.5281428,0
0.9944284,0
0.62736434,0
0.9520568,0
0.9985965,0
0.957148,0
0.81123126,0
0.9983121,0
0.94589764,0
0.9999101,0
0.028185196,0
0.9835286,0
0.18486072,0
0.9652888,0
0.9965486,0
0.99968016,0
0.8060303,0
0.99954385,0
0.42794386,0
0.003741777,0
0.99996245,0
0.21304725,0
0.99995565,0
0.99792933,0
0.29876792,0
0.9986141,0
0.68843305,0
0.99997604,0
0.000910324,0
0.99998736,0
0.5750885,0
0.80371886,0
0.99391973,0
0.68997324,0
0.96480876,0
0.025228765,0
0.9999043,0
0.31126574,0
0.9999559,0
0.005065261,0
0.93988955,0
0.99989486,0
0.99999917,0
0.9995993,0
0.14153977,0
0.9999999,0
0.17323442,0
0.9995672,0
0.9994722,0
0.6948681,0
0.9929751,0
0.99998057,0
0.9120808,0
0.99997056,0
0.9383241,0
0.9983796,0
0.21304381,0
0.9810868,0
0.8266207,0
0.9864551,0
0.960215,0
0.99619615,0
0.98983383,0
0.005850781,0
0.713854,0
0.9996964,0
0.19594924,0
0.9999865,0
0.9987167,0
0.9955141,0
0.9999924,0
0.99908864,0
0.99740416,0
0.002435522,0
0.9844626,0
0.3625613,0
0.029782172,0
0.046873335,0
0.60225934,0
0.9999981,0
0.9186086,0
0.9994055,0
0.000697555,0
0.99346995,0
0.94236284,0
0.70659214,0
0.9642171,0
0.9999635,0
0.15571073,0
0.9999995,0
0.44589868,0
0.9981521,0
0.6499955,0
0.001378156,0
0.000261666,0
0.66286343,0
0.25267228,0
0.8888113,0
0.000597725,0
0.112516955,0
0.22836977,0
0.008742768,0
0.09215417,0
0.88559294,0
0.3883568,0
0.9505817,0
0.02284882,0
0.001325251,0
0.000259877,0
0.000487432,0
0.000305868,0
0.005857289,0
0.2812361,0
0.000678809,0
0.7122111,0
0.7410886,0
0.8318489,0
0.89999443,0
0.9947255,0
0.59939414,0
0.98984176,0
0.95395327,0
0.035426628,0
0.19489557,0
0.017104048,0
0.122772396,0
0.000404503,0
0.012412802,0
0.085316256,0
0.000272381,0
0.011250027,0
0.9909033,0
0.000812888,0
0.6543082,0
0.02185896,0
0.031996623,0
0.9930774,0
0.003107922,0
0.8798415,0
0.99742633,0
0.8188962,0
0.15999955,0
0.99956447,0
0.5873697,0
0.12543084,0
0.004106659,0
0.9883306,0
0.0000843,0
0.96370435,0
0.000299489,0
0.9909019,0
0.045231864,0
0.000122977,0
0.006391579,0
0.0000845,0
0.9554593,0
0.009144361,0
0.000158951,0
0.13807283,0
0.000563662,0
0.000753739,0
0.023445316,0
0.31006062,0
0.037371367,0
0.0000373,0
0.008746984,0
0.0009732,0
0.027511053,0
0.77366227,0
0.4643765,0
0.61331934,0
0.059240777,0
0.004879239,0
0.9988972,0
0.1598621,0
0.5813307,0
0.016401201,0
0.866127,0
0.8943092,0
0.17350402,0
0.1043879,0
0.7410776,0
0.28288776,0
0.9423741,0
0.96310556,0
0.9999831,0
0.9999713,0
0.9996464,0
0.99461454,0
0.9999503,0
0.97671354,0
0.00242629,0
0.9991731,0
0.99927324,0
0.89772016,0
0.99639773,0
0.9998074,0
0.9918434,0
0.99978703,0
0.652724,0
0.9937463,0
0.9846085,0
0.9494862,0
0.99688596,0
0.7014097,0
0.9904468,0
0.8862466,0
0.7078642,0
0.90951896,0
0.7301452,0
0.9996037,0
0.25549883,0
0.999985,0
0.64824903,0
0.8451448,0
0.91445166,0
0.99908197,0
0.9965989,0
0.99991167,0
0.9999871,0
0.99998224,0
0.999243,0
0.99994826,0
0.9997166,0
0.056995794,0
0.9974523,0
0.011918984,0
0.9774146,0
0.99976283,0
0.9649636,0
0.8233976,0
0.78829205,0
0.9954892,0
0.96925294,0
0.96469074,0
0.9859825,0
0.9998429,0
0.9999584,0
0.9999149,0
0.99985003,0
0.12760502,0
0.96101296,0
0.91552913,0
0.99814165,0
0.9990308,0
0.32884622,0
0.99878854,0
0.99819905,0
0.9820417,0
0.99747413,0
0.99640036,0
0.9997892,0
0.99800617,0
0.9999763,0
0.9994887,0
0.55850875,0
0.99647516,0
0.9984561,0
0.2115144,0
0.8482444,0
0.07381085,0
0.88813835,0
0.7461622,0
0.9509556,0
0.14531781,0
0.002400042,0
0.99733174,0
0.95221114,0
0.92929333,0
0.000500413,0
0.16847518,0
0.000254412,0
0.5458601,0
0.06469692,0
0.000431856,0
0.0006292,0
0.003355464,0
0.96808016,0
0.9999596,0
0.9974548,0
0.9999795,0
0.99999845,0
0.99961287,0
0.99906975,0
0.99958926,0
0.98463166,0
0.9997247,0
0.9998696,0
0.9999951,0
0.9978738,0
0.999746,0
0.9951455,0
0.99973124,0
0.8821613,0
0.96865416,0
0.9983607,0
0.50260746,0
0.9999932,0
0.99998546,0
0.99375916,0
0.9999008,0
0.99771833,0
0.895229,0
0.99859744,0
0.99999905,0
0.89597404,0
0.99996305,0
0.9968907,0
0.91682804,0
0.9942668,0
0.9674045,0
0.999943,0
0.9999819,0
0.9573456,0
0.9997886,0
0.99535,0
0.9957944,0
0.99984944,0
0.9555414,0
0.9895874,0
0.9946931,0
0.9850699,0
0.9501377,0
0.8837028,0
0.99221486,0
0.99808854,0
0.95471,0
0.9998635,0
0.99943453,0
0.9999031,0
0.99865353,0
0.9999269,0
0.99938595,0
0.6153272,0
0.99992275,0
0.99177694,0
0.984806,0
0.9927395,0
0.9826172,0
0.99989176,0
0.995637,0
0.99532664,0
0.9998938,0
0.79153675,0
0.9979194,0
0.9999913,0
0.9999653,0
0.9999131,0
0.99997485,0
0.99997365,0
0.99847025,0
0.974013,0
0.14624342,0
0.9996439,0
0.99818146,0
0.998572,0
0.99349546,0
0.9996283,0
0.9999641,0
0.99425924,0
0.9999795,0
0.52544093,0
0.9916962,0
0.99889684,0
0.98378354,0
0.9995579,0
0.9999969,0
0.9359064,0
0.9939091,0
0.9999709,0
0.9998907,0
0.9999765,0
0.99986076,0
0.99990284,0
0.95446384,0
0.90463656,0
0.99993694,0
0.9979381,0
0.9999907,0
0.9999763,0
0.9999697,0
0.9999045,0
0.9985183,0
0.9999944,0
0.99981374,0
0.99999166,0
0.9994437,0
0.99949145,0
0.9931629,0
0.9925587,0
0.99915624,0
0.99965274,0
0.99999475,0
0.9998517,0
0.999982,0
0.9990006,0
0.99999714,0
0.99998033,0
0.99949014,0
0.99764156,0
0.99997854,0
0.9991696,0
0.9999211,0
0.9999987,0
0.99718046,0
0.99891293,0
0.98802894,0
0.9961351,0
0.99993265,0
0.99992883,0
0.99730825,0
0.9970866,0
0.99999416,0
0.9999745,0
0.9999993,0
0.9931653,0
0.99999166,0
0.99980146,0
0.99982613,0
0.9999944,0
0.9975756,0
0.97002584,0
0.99998045,0
0.97193164,0
0.9870847,0
0.99996877,0
0.9909053,0
0.9984875,0
0.99953973,0
0.99997556,0
0.99999034,0
0.999303,0
0.99897254,0
0.999785,0
0.999759,0
0.99956733,0
0.9168442,0
0.9998536,0
0.9908213,0
0.99212086,0
0.9152242,0
0.9996526,0
0.99839133,0
0.99937195,0
0.9999565,0
0.9999342,0
0.9999924,0
0.99999785,0
0.99996567,0
0.99988735,0
0.99999774,0
0.99998975,0
0.9999604,0
0.9924684,0
0.99998975,0
0.9918085,0
0.99917006,0
0.99973136,0
0.9999888,0
0.99705195,0
0.9999888,0
0.9995994,0
0.9994697,0
0.9999844,0
0.99971014,0
0.9999943,0
0.9998186,0
0.99961925,0
0.9862927,0
0.31710473,0
0.9978295,0
0.99873346,0
0.9936965,0
0.0000197,1
0.00000043,1
0.00000133,1
0.00000188,1
0.000000901,1
0.000000137,1
0.00000111,1
0.000000565,1
0.00000009,1
0.00000124,1
0.000000489,1
7.29E-08,1
0.000000367,1
0.00000278,1
0.000000102,1
0.000000783,1
0.0000121,1
0.00000142,1
0.000000832,1
0.000000487,1
0.000000764,1
0.00000493,1
0.00000941,1
0.00000247,1
0.000000108,1
0.000000756,1
0.0000161,1
0.00000133,1
0.000000886,1
0.00000396,1
0.00000155,1
0.000000711,1
0.0000072,1
0.000000627,1
0.0000127,1
0.000408386,1
0.00000526,1
0.0000011,1
0.00000636,1
0.000000358,1
0.00000525,1
0.0000023,1
0.000000218,1
0.00000338,1
0.0000114,1
0.0000167,1
0.0000261,1
0.00000288,1
0.00000276,1
0.000000536,1
0.000017,1
0.00000415,1
0.00040504,1
0.00000101,1
0.0000656,1
0.00000513,1
0.00000479,1
0.00000688,1
0.00000482,1
0.00000192,1
0.00000215,1
0.00000391,1
0.0000127,1
0.00000117,1
0.000000125,1
0.00000048,1
0.00000082,1
0.00000548,1
0.00000121,1
0.00000268,1
0.000000817,1
0.000000199,1
0.00000215,1
0.000126219,1
0.00000108,1
0.0000046,1
0.0000638,1
0.000138636,1
0.000000465,1
0.000000524,1
0.00000181,1
3.49E-08,1
0.0000016,1
0.000000308,1
0.00000291,1
0.00000337,1
0.00000629,1
0.00000133,1
0.00000888,1
6.33E-08,1
0.00000244,1
0.00000721,1
0.0000165,1
0.00000182,1
0.000102434,1
0.00000144,1
0.000000615,1
0.00000174,1
0.000000105,1
0.00000284,1
0.00000181,1
0.00000316,1
0.000000898,1
0.000000925,1
0.000000118,1
0.00000764,1
0.000000433,1
0.00000076,1
0.00000155,1
0.00000103,1
0.00000169,1
0.0000055,1
0.000000494,1
0.00000262,1
0.00000105,1
0.000000284,1
0.000022,1
0.00000016,1
0.000000418,1
0.000000183,1
1.31E-08,1
2.58E-08,1
5.37E-08,1
0.000000294,1
0.00000172,1
2.77E-08,1
0.000000918,1
1.14E-08,1
0.000000116,1
0.0000011,1
0.000000864,1
0.00000633,1
0.000000103,1
0.000000316,1
0.00000042,1
0.000000157,1
5.43E-08,1
0.000000403,1
0.00000559,1
0.000000559,1
0.000000843,1
0.000000553,1
0.0000017,1
0.000000391,1
0.00000438,1
0.000109938,1
8.02E-08,1
0.00000549,1
0.000000898,1
8.28E-08,1
0.0000012,1
0.00000327,1
0.00000209,1
0.00000438,1
0.00000411,1
0.000000165,1
0.00000238,1
0.000000888,1
6.48E-08,1
0.00000042,1
0.00000042,1
0.000000142,1
0.0000203,1
6.43E-08,1
0.00000035,1
0.000000359,1
0.00000101,1
0.000000115,1
0.000000125,1
0.00000595,1
0.000000803,1
0.000000141,1
0.00000247,1
7.49E-08,1
0.000000299,1
0.000000189,1
0.000000143,1
0.00000159,1
0.00000015,1
0.00000288,1
0.000000715,1
0.000000456,1
0.00000489,1
0.000000836,1
0.0000136,1
0.00000178,1
0.000000211,1
0.000000291,1
0.000000131,1
0.000000062,1
8.07E-08,1
0.000000162,1
0.00000859,1
0.00000068,1
0.00000134,1
0.000000668,1
0.00000516,1
0.000000335,1
0.00000225,1
0.000000132,1
0.000000221,1
8.63E-08,1
0.00000201,1
0.00000201,1
0.000000105,1
8.18E-08,1
9.45E-08,1
0.000000561,1
0.00000106,1
0.00000063,1
0.00000659,1
0.000000626,1
0.00000349,1
0.000000406,1
2.33E-08,1
0.00000771,1
0.000000264,1
0.00000331,1
0.000000272,1
8.03E-08,1
0.000000595,1
0.000000661,1
0.000000259,1
0.000000618,1
0.00000117,1
0.00000568,1
0.000000215,1
0.000000287,1
0.00000119,1
0.000000389,1
0.00000162,1
0.00000189,1
0.000000038,1
0.00000245,1
0.00000123,1
0.000000753,1
0.00000144,1
3.81E-08,1
0.000000487,1
0.000000459,1
0.00000937,1
0.00000121,1
0.000000398,1
7.11E-08,1
0.0000157,1
0.000000696,1
0.000000622,1
3.31E-08,1
0.00000418,1
0.00000145,1
5.83E-08,1
8.31E-08,1
5.66E-08,1
0.0000218,1
0.00000405,1
4.46E-08,1
0.0000021,1
3.29E-08,1
5.55E-08,1
8.07E-08,1
0.00000202,1
0.000000126,1
0.00000259,1
0.000000579,1
0.000000217,1
0.00000045,1
0.000000172,1
0.00000117,1
0.000000423,1
0.00000338,1
0.000000129,1
0.00000168,1
0.000000173,1
0.00000439,1
0.00000335,1
0.000000557,1
0.000000182,1
0.00000302,1
0.00000234,1
0.000000381,1
0.000000311,1
0.00000816,1
0.000000301,1
0.000000248,1
0.00000123,1
0.00000158,1
0.00000133,1
0.0000011,1
0.000000551,1
0.0000021,1
0.000000272,1
0.000000578,1
0.00000352,1
0.000017,1
0.000000882,1
0.000000808,1
0.00000121,1
0.00000424,1
0.0000115,1
0.000006,1
0.000005,1
0.000000127,1
0.00000186,1
0.0000065,1
0.00000857,1
0.0000149,1
0.00000673,1
0.00000184,1
0.000000232,1
0.00000311,1
0.00000688,1
0.000000178,1
0.000000602,1
0.00000161,1
0.000000843,1
0.000000196,1
0.00000137,1
0.000000285,1
0.000000955,1
0.000000806,1
0.00000971,1
0.00000771,1
0.00000555,1
0.00000036,1
0.000000293,1
0.0000043,1
0.00000135,1
0.000000106,1
0.000000617,1
0.00000914,1
0.0000014,1
0.00000177,1
0.00000698,1
0.000000901,1
0.00000683,1
0.0000271,1
0.0000012,1
0.00000547,1
0.000000478,1
0.00000119,1
0.00000591,1
0.00000783,1
0.00000189,1
0.00000174,1
0.000000115,1
0.0000624,1
0.000000663,1
9.95E-08,1
0.00000249,1
0.000000241,1
6.53E-08,1
0.00000056,1
0.0000178,1
0.000000416,1
0.000000578,1
0.00000228,1
0.000000318,1
0.000000668,1
0.000000099,1
0.00000157,1
0.000000192,1
0.000000222,1
0.000000107,1
0.000000579,1
0.000000781,1
0.000000289,1
0.00000144,1
0.00000155,1
0.000000317,1
0.00000138,1
0.000000502,1
1.07E-08,1
0.000000434,1
0.000000437,1
0.000000146,1
0.0000129,1
0.00000296,1
0.000000623,1
0.00000119,1
0.000000387,1
0.000000395,1
0.00000124,1
0.000000479,1
0.000000882,1
0.00000245,1
4.64E-08,1
0.000000303,1
0.000000331,1
0.00000116,1
0.00000224,1
0.000000342,1
0.00000513,1
2.54E-08,1
0.00000026,1
0.000000368,1
0.00000161,1
0.000000122,1
0.000000613,1
0.00000787,1
2.53E-08,1
0.00000857,1
0.000000242,1
0.000000225,1
1.48E-08,1
0.00000567,1
0.00000183,1
0.00000412,1
0.00000066,1
0.000000462,1
0.000387222,1
0.00009,1
0.010534492,1
0.001315675,1
0.001859052,1
0.000283567,1
0.002166749,1
0.0018592,1
0.003525872,1
0.007107255,1
0.02843966,1
0.001799069,1
0.04076932,1
0.001122004,1
0.2948337,1
0.000906182,1
0.001093178,1
0.004841817,1
0.33407652,1
0.00048352,1
0.000524431,1
0.004046575,1
0.015353024,1
0.000548063,1
0.009799494,1
0.53450805,1
0.081250705,1
0.17832917,1
0.2866191,1
0.006250135,1
0.001806107,1
0.013514642,1
0.0000997,1
0.007012719,1
0.000104394,1
0.001478264,1
0.0000111,1
0.0000977,1
0.007120131,1
0.000235814,1
0.0000213,1
0.00280855,1
0.000542526,1
0.0000174,1
0.0000592,1
0.0000872,1
0.000074,1
0.000039,1
0.0000997,1
0.008889167,1
0.0000325,1
0.00000603,1
0.000294739,1
0.000488581,1
0.002767209,1
0.0000554,1
0.000106559,1
0.00000271,1
0.0000125,1
0.0000266,1
0.001363154,1
0.000411918,1
0.001706553,1
0.016823024,1
0.001160415,1
0.0000776,1
0.0000672,1
0.00097363,1
0.00000401,1
0.000104999,1
0.0000112,1
0.000104347,1
0.006835165,1
0.00057528,1
0.003429016,1
0.0000466,1
0.000560074,1
0.001415805,1
0.00000624,1
0.000233053,1
0.00000144,1
0.000185621,1
0.0000315,1
0.000000602,1
0.00000134,1
0.001533133,1
0.000154208,1
0.00000125,1
0.003293642,1
0.002931649,1
0.000632,1
0.022774357,1
0.009912317,1
0.00000773,1
0.006453768,1
0.00008,1
0.003763132,1
0.0000279,1
0.00000577,1
0.0000129,1
0.013584052,1
0.0000104,1
0.0000105,1
0.001468982,1
0.000000615,1
0.0000237,1
0.000866625,1
0.0000139,1
0.008494631,1
0.020864075,1
0.000347839,1
0.0000217,1
0.0000592,1
0.001555007,1
0.011609229,1
0.0000961,1
0.000803456,1
0.001397014,1
0.001261645,1
0.000837838,1
0.000562342,1
0.004935786,1
0.000717167,1
0.001508733,1
0.001556911,1
0.01705546,1
0.004161912,1
0.000155693,1
0.000786065,1
0.000122876,1
0.000261755,1
0.000661491,1
0.028516846,1
0.000822527,1
0.000700446,1
0.0000465,1
0.000058,1
0.000174734,1
0.002117733,1
0.001193142,1
0.000548949,1
0.014487661,1
0.002301086,1
0.0000662,1
0.000291367,1
0.00280057,1
0.002523878,1
0.000312295,1
0.0000439,1
0.000371621,1
0.00914978,1
0.00050868,1
0.040438306,1
0.001403561,1
0.000109061,1
0.0000937,1
0.0000269,1
0.000512632,1
0.001294997,1
0.033218578,1
0.004142792,1
0.000178457,1
0.000124506,1
0.000217618,1
0.0000254,1
0.0000786,1
0.00000381,1
0.000601479,1
0.000376446,1
0.000000337,1
0.0000244,1
0.000000344,1
0.000127744,1
0.9853603,1
0.0000166,1
0.000236211,1
0.000102905,1
0.000133843,1
0.0000234,1
0.00000548,1
0.000807357,1
0.0000175,1
0.12877502,1
0.0000852,1
0.000300904,1
0.0000246,1
0.00000247,1
0.0000213,1
0.00000566,1
0.001063836,1
0.000195005,1
0.0000732,1
0.003127596,1
0.000334923,1
0.00000195,1
0.004677754,1
0.00000275,1
0.001138141,1
0.000739211,1
0.000192132,1
0.0000772,1
0.000334939,1
0.0000711,1
0.000288197,1
0.0000738,1
0.000304063,1
0.000133736,1
0.000338588,1
0.0000869,1
0.0000776,1
0.0000323,1
0.000117383,1
0.00000757,1
0.06274021,1
0.000428587,1
0.000276777,1
0.000209487,1
0.0000328,1
0.000000653,1
0.000454081,1
0.000133328,1
0.000245366,1
0.000527701,1
0.000104816,1
0.0000795,1
0.0000059,1
0.0000124,1
0.0000213,1
0.0000163,1
0.000428085,1
0.00000745,1
0.000135213,1
0.0000115,1
0.000145053,1
0.000719707,1
0.0000506,1
0.001882879,1
0.000454705,1
0.000762672,1
0.0000523,1
0.00042916,1
0.001041542,1
0.0000572,1
0.000108844,1
0.000228631,1
0.000127057,1
0.0000246,1
0.001642404,1
0.001962591,1
0.001285723,1
0.000422479,1
0.001003261,1
0.014850612,1
0.00028182,1
0.006637006,1
0.025473552,1
0.000409431,1
0.0000344,1
0.0000114,1
0.001111211,1
0.02579533,1
0.005533948,1
0.004583533,1
0.011133666,1
0.05011314,1
0.001758444,1
0.055630263,1
0.000474778,1
0.000805078,1
0.000443809,1
0.001867381,1
0.001695464,1
0.001220885,1
0.002035816,1
0.010901889,1
0.007063484,1
0.01554062,1
0.006935337,1
0.013978925,1
0.04825684,1
0.049289614,1
0.00031962,1
0.001032808,1
0.24464504,1
0.025714658,1
0.008680626,1
0.001690023,1
0.114984944,1
0.013880953,1
0.09972333,1
0.052124973,1
0.000358491,1
0.006204529,1
0.023216272,1
0.00763531,1
0.04483822,1
0.000158219,1
0.006171731,1
0.006783054,1
0.000974686,1
0.101603545,1
0.005167374,1
0.04614415,1
0.001569775,1
0.24898197,1
0.001427917,1
0.023786327,1
0.007004587,1
0.006593437,1
0.006421166,1
0.23958048,1
0.034947537,1
0.093131326,1
0.000435644,1
0.0000725,1
0.001916108,1
0.003169412,1
0.002379407,1
0.000157563,1
0.001522486,1
0.000659716,1
0.013979412,1
0.16739547,1
0.27604836,1
0.072899915,1
0.009745722,1
0.000558574,1
0.11461154,1
0.015643023,1
0.008084001,1
0.03144839,1
0.00022911,1
0.000247534,1
0.000194877,1
0.012955847,1
0.000038,1
0.000150913,1
0.001666343,1
0.000147572,1
0.000680268,1
0.000121182,1
0.000150234,1
0.0000165,1
0.000847723,1
0.0000497,1
0.0000885,1
0.0000341,1
0.0000172,1
0.005943627,1
0.000027,1
0.0000712,1
0.0000423,1
0.000466638,1
0.003797539,1
0.0000327,1
0.0000194,1
0.0000137,1
0.001166318,1
0.000843394,1
0.008568698,1
0.001377956,1
0.000109596,1
0.00027835,1
0.000695079,1
0.0000311,1
0.0000675,1
0.0000964,1
0.0000637,1
0.0002592,1
0.000136635,1
0.0000331,1
0.000353272,1
0.000383443,1
0.001368196,1
0.000663515,1
0.0000217,1
0.0000693,1
0.000873104,1
0.000268263,1
0.000966328,1
0.000116741,1
0.003960573,1
0.000178585,1
0.000309089,1
0.0000298,1
0.0000784,1
0.002964119,1
0.000684436,1
0.000649679,1
0.001057734,1
0.000145566,1
0.000478385,1
0.030489363,1
0.10753784,1
0.000537602,1
0.001584319,1
0.000300467,1
0.004272326,1
0.002677392,1
0.00017994,1
0.010640803,1
0.001026597,1
0.003997137,1
0.001011114,1
0.007068904,1
0.001852539,1
0.001718307,1
0.00144139,1
0.002275495,1
0.000225851,1
0.000546871,1
0.000145155,1
0.002025263,1
0.00067316,1
0.004414696,1
0.000129786,1
0.000292912,1
0.02019138,1
0.00084353,1
0.002484439,1
0.000288091,1
0.05460955,1
0.003966817,1
0.36077937,1
0.00600437,1
0.000533446,1
0.00021386,1
0.001479265,1
0.001537545,1
0.008601964,1
0.004473419,1
0.00773265,1
0.38429537,1
0.000549887,1
0.018924154,1
0.12856358,1
0.000000651,1
0.0000167,1
0.001917017,1
0.000109615,1
0.0000991,1
0.000822394,1
0.001169948,1
0.000288493,1
0.000106747,1
0.000405514,1
0.00019963,1
0.0000133,1
0.00000651,1
0.000377797,1
0.0000254,1
0.000331324,1
0.00000147,1
0.00000385,1
0.00000174,1
0.000018,1
0.0000022,1
0.000029,1
0.0000459,1
0.0000356,1
0.0000197,1
0.000139376,1
0.0000246,1
0.0000503,1
0.0000166,1
0.0000154,1
0.000028,1
0.000336364,1
0.00000519,1
0.00000186,1
0.00000549,1
0.00000499,1
0.000000191,1
0.00000982,1
0.00000692,1
0.0000106,1
0.00000494,1
0.000000408,1
0.000402706,1
0.00000664,1
0.0000409,1
0.00000135,1
0.0000214,1
0.00000379,1
0.000318919,1
0.00000402,1
0.0000187,1
0.00000424,1
0.000287499,1
0.000261799,1
0.0000011,1
0.00000304,1
0.00000632,1
0.0000157,1
0.00000284,1
0.00000581,1
0.00000146,1
0.00000269,1
0.000284435,1
0.000464008,1
0.0000285,1
0.00000701,1
0.00000686,1
0.0000164,1
0.00000258,1
0.00000141,1
0.00000136,1
0.00000986,1
0.0000131,1
0.0000756,1
0.00000664,1
0.00526389,1
0.0000806,1
0.0000103,1
0.000014,1
0.0000418,1
0.0000098,1
0.0000109,1
0.021827461,1
0.0000384,1
6.58E-08,1
0.00000119,1
0.0000287,1
0.0000107,1
0.0000341,1
0.0000366,1
0.0000338,1
0.00000081,1
0.042188272,1
0.00000118,1
0.0000113,1
0.0000989,1
0.0000124,1
0.0000055,1
0.00000157,1
0.001288003,1
0.0000115,1
0.000012,1
0.000000607,1
0.0000249,1
0.000000709,1
0.000000671,1
0.00000239,1
0.0000019,1
0.0000169,1
0.00000206,1
0.000000935,1
0.000120011,1
0.000000631,1
0.00000123,1
0.0000167,1
0.001107982,1
0.001741447,1
0.000000189,1
0.0000134,1
0.0000809,1
0.0000201,1
0.00000418,1
0.000793226,1
0.000000262,1
0.00000941,1
0.00000487,1
0.000186635,1
0.0000235,1
0.00000284,1
0.00000467,1
0.0000105,1
0.00000268,1
0.00000615,1
0.00000031,1
0.00000016,1
0.000000372,1
0.00000289,1
0.0000117,1
0.00000534,1
0.0000486,1
0.00000017,1
0.00000167,1
0.0000106,1
0.0000105,1
0.0000165,1
0.0000148,1
0.00000275,1
0.00000238,1
0.0000262,1
0.00000183,1
0.00000173,1
0.00000339,1
0.00000778,1
0.000000157,1
0.00000186,1
0.0000212,1
0.00000932,1
0.00000113,1
0.00000251,1
0.000285593,1
0.000006,1
0.0000354,1
0.00000176,1
0.00000965,1
0.0000063,1
0.0000146,1
0.000139914,1
0.0000083,1
0.000152364,1
0.0000422,1
0.001990931,1
0.0000531,1
0.0000871,1
0.0000031,1
0.00000121,1
0.0000814,1
0.0000029,1
0.0000454,1
0.00000826,1
0.00000697,1
0.00000229,1
0.00000896,1
0.00000195,1
0.0000703,1
0.0000156,1
0.00000987,1
0.0000121,1
0.0000123,1
0.0000366,1
0.00024401,1
0.0000049,1
0.000104076,1
0.000102692,1
0.0000559,1
0.000000262,1
0.0000392,1
0.0000189,1
0.0000472,1
0.000113202,1
0.00000296,1
0.0000106,1
0.00000339,1
0.0000228,1
0.00099084,1
0.00000401,1
0.0000131,1
0.0000422,1
0.002742097,1
0.000025,1
0.000219127,1
0.00000957,1
0.001231738,1
0.00000283,1
0.0000223,1
0.000000194,1
0.0000225,1
0.000298789,1
0.0000162,1
0.0000779,1
0.00000339,1
0.0000121,1
0.0000105,1
0.0000773,1
0.00000139,1
0.00000568,1
0.0000169,1
0.001608987,1
0.0000488,1
0.0000508,1
0.0000117,1
0.0000105,1
0.000121924,1
0.000049,1
0.0000256,1
0.000011,1
0.00000869,1
0.00000631,1
0.000317174,1
0.000000555,1
0.0000161,1
0.0000159,1
0.0000633,1
0.007319736,1
0.00000415,1
0.001916381,1
0.0000492,1
0.000951164,1
0.0000236,1
0.000124943,1
0.000123724,1
0.00020411,1
0.000568553,1
0.000165329,1
0.0000149,1
0.0000437,1
0.0000169,1
0.00000449,1
0.00000687,1
0.000000534,1
0.000848873,1
0.0000808,1
0.0000579,1
0.00000152,1
0.0000149,1
0.00000149,1
0.0000208,1
0.0000039,1
0.0000165,1
0.000097,1
0.0000601,1
0.000014,1
0.000892672,1
0.00000351,1
0.000230948,1
0.0000287,1
0.0000125,1
0.0000771,1
0.0000404,1
0.00000391,1
0.00000114,1
0.0000165,1
0.000104481,1
0.000000582,1
0.0000329,1
0.00000059,1
0.000000339,1
0.0000124,1
0.0000123,1
0.000016,1
0.0000563,1
0.00028816,1
0.00000591,1
0.0000805,1
0.000264968,1
0.000490843,1
0.001808813,1
0.002834386,1
0.0000211,1
0.000000556,1
0.00000175,1
0.00000334,1
0.0000864,1
0.0000278,1
0.0000111,1
0.000301522,1
0.0000042,1
0.000621936,1
0.004350895,1
0.00000028,1
0.00000213,1
0.00000666,1
0.0000149,1
0.0000442,1
0.000851459,1
0.000346291,1
0.00000187,1
0.00000185,1
0.00000923,1
0.0000199,1
0.00000607,1
0.0000102,1
0.00000566,1
0.00000322,1
0.000835339,1
0.0000383,1
0.001129733,1
0.000127966,1
0.000000392,1
0.000421892,1
0.000188857,1
0.00000225,1
0.000102706,1
0.00000295,1
0.0000313,1
0.00000398,1
0.00000262,1
0.0000679,1
0.0000728,1
0.000000477,1
0.00000464,1
0.00000254,1
0.001125919,1
0.00000338,1
0.00000401,1
0.0000023,1
0.00000448,1
0.072332025,1
0.002545507,1
0.00111198,1
0.00000591,1
0.00000361,1
0.000000276,1
0.0000601,1
0.00000432,1
0.0000781,1
0.00000154,1
0.000025,1
0.00000718,1
0.00000145,1
0.0000716,1
0.000013,1
0.0000135,1
0.0000218,1
0.000046,1
0.0000198,1
0.00000277,1
0.00000718,1
0.0000214,1
0.0000347,1
0.000204216,1
0.0000113,1
0.00000653,1
0.001072471,1
0.0000199,1
0.000205025,1
0.00000653,1
0.000000785,1
0.00000465,1
0.00000275,1
0.000223029,1
0.00000198,1
0.000154879,1
0.0000382,1
0.0000131,1
0.00475711,1
0.092983805,1
0.2905576,1
0.000085,1
0.048044026,1
0.00000329,1
0.00000222,1
0.00000147,1
0.00000267,1
0.00000834,1
0.000021,1
0.000029,1
0.00000169,1
0.0000192,1
0.0000246,1
0.0000245,1
0.00000497,1
0.0000574,1
0.0000264,1
0.004836233,1
0.0000018,1
0.00000676,1
0.0000168,1
0.00000466,1
0.00000186,1
0.0000116,1
0.0000102,1
0.000000598,1
0.00000844,1
0.0000107,1
0.0000477,1
0.001236572,1
0.0000156,1
0.0000133,1
0.027089454,1
0.000722487,1
0.000881235,1
0.019517908,1
0.00000434,1
0.025552182,1
0.010498157,1
0.000236891,1
0.000000129,1
0.0000107,1
0.00000578,1
0.007648143,1
0.00000535,1
0.00000679,1
0.00000279,1
0.00000149,1
0.0000342,1
0.0000272,1
0.000021,1
0.000616395,1
0.00000794,1
0.001305452,1
0.0000423,1
0.000644949,1
0.00000183,1
0.0000043,1
0.0000191,1
0.00000376,1
0.000255701,1
0.000046,1
0.001150675,1
0.000295276,1
0.0000364,1
0.000675847,1
0.00000958,1
0.0000735,1
0.000152266,1
0.00000371,1
0.000000957,1
0.001032299,1
0.00000398,1
0.000675683,1
0.000107742,1
0.0000535,1
0.000147692,1
0.000087,1
0.0000327,1
0.00000851,1
0.000329596,1
0.0000135,1
0.005370476,1
0.001384739,1
0.000000878,1
0.000884983,1
0.00000315,1
0.00578577,1
0.000818462,1
0.0000885,1
0.0000325,1
0.001907603,1
0.000908568,1
0.000171337,1
0.0000374,1
0.000619652,1
0.000240451,1
0.001063379,1
0.0000243,1
0.001630777,1
0.43995386,1
0.00046016,1
0.001587563,1
0.017803514,1
0.000185853,1
0.000508447,1
0.000114873,1
0.001695589,1
0.0000137,1
0.00082876,1
0.000393002,1
0.0000091,1
0.0000071,1
0.00000218,1
0.0000684,1
0.000066,1
0.000258666,1
0.0000349,1
0.000045,1
0.000203178,1
0.00377247,1
0.0000776,1
0.000356879,1
0.0000311,1
0.00000678,1
0.0000603,1
0.0000527,1
0.0000136,1
0.00000952,1
0.0000477,1
0.000104854,1
0.0000447,1
0.00000423,1
0.0000755,1
0.00000904,1
0.016414484,1
0.005227423,1
0.000166932,1
0.00075065,1
0.0000252,1
0.000172785,1
0.000590764,1
0.002980888,1
0.001961646,1
0.000322922,1
0.0000226,1
0.002115883,1
0.001684941,1
0.0000676,1
0.008252899,1
0.001380546,1
0.0000269,1
0.0000083,1
0.0000593,1
0.003246109,1
0.000176136,1
0.002251691,1
0.0000953,1
0.0000124,1
0.000422987,1
0.00029053,1
0.000427862,1
0.000167327,1
0.00159503,1
0.015315744,1
0.000616693,1
0.00314752,1
0.0000843,1
0.00697535,1
0.002664107,1
0.03238587,1
0.000620193,1
0.0000969,1
0.0000657,1
0.001290457,1
0.000183691,1
0.013293887,1
0.000217283,1
0.003545589,1
0.0000785,1
0.0000911,1
0.0000233,1
0.000261401,1
0.000301444,1
0.000437724,1
0.000235038,1
0.001006162,1
0.0000742,1
0.00053008,1
0.0001257,1
0.001435273,1
0.006411931,1
0.00000339,1
0.0000305,1
0.000120131,1
0.0000583,1
0.001283228,1
0.00146751,1
0.008977305,1
0.001559876,1
0.000365605,1
0.002855894,1
0.00053332,1
0.00271253,1
0.0000143,1
0.001261087,1
0.04396851,1
0.006353508,1
0.004254316,1
0.003498629,1
0.000188539,1
0.0000797,1
0.01465046,1
0.00000953,1
0.0000165,1
0.0000502,1
0.00263055,1
0.0000759,1
0.07932277,1
0.000103098,1
0.001325351,1
0.000449933,1
0.003259948,1
0.00000148,1
0.00029588,1
0.0000284,1
0.000753552,1
0.000147722,1
0.000780428,1
0.001490732,1
0.00360042,1
0.000786149,1
0.00837311,1
0.001680358,1
0.00240809,1
0.000386456,1
0.000763976,1
0.000133813,1
0.001035587,1
0.010273499,1
0.001021149,1
0.000120317,1
0.000124715,1
0.001599526,1
0.000167818,1
0.00066946,1
0.001221178,1
0.003385836,1
0.000372934,1
0.000270862,1
0.00074149,1
0.00487623,1
0.000556401,1
0.000105848,1
0.0000444,1
0.0000336,1
0.0000397,1
0.02462377,1
0.000180712,1
0.000537254,1
0.000021,1
0.0000136,1
0.00000351,1
0.0000542,1
0.0000024,1
0.0000137,1
0.000219499,1
0.000327453,1
0.000386924,1
0.0000969,1
0.0000817,1
0.002201115,1
0.00000841,1
0.0000167,1
0.0000191,1
0.0000552,1
0.0000981,1
0.001147334,1
0.00000571,1
0.000117098,1
0.0000226,1
0.0000524,1
0.00000724,1
0.0000112,1
0.000301153,1
0.00000103,1
0.000022,1
0.000478693,1
0.0000415,1
0.0000682,1
0.000353749,1
0.00000203,1
0.000401358,1
0.0000295,1
0.0000865,1
0.00000245,1
0.00000774,1
0.0000428,1
0.000083,1
0.001526347,1
0.00000261,1
0.0000306,1
0.000228726,1
0.0000403,1
0.0000898,1
0.0000499,1
0.00000219,1
0.00000502,1
0.0000464,1
0.000026,1
0.0000278,1
0.000182345,1
0.0000175,1
0.0000542,1
0.0000124,1
0.000266072,1
0.000761507,1
0.0000295,1
0.000013,1
0.000332895,1
0.005899662,1
0.000530842,1
0.000419043,1
0.0000677,1
0.000178893,1
0.000226845,1
0.0000292,1
0.00030657,1
0.00000502,1
0.00000526,1
0.000202786,1
0.00000746,1
0.000104562,1
0.002409312,1
0.00000796,1
0.000170934,1
0.000378786,1
0.000194298,1
0.004573751,1
0.0000354,1
0.0000243,1
0.000133634,1
0.0000114,1
0.000525119,1
0.000475887,1
0.00179865,1
0.0000235,1
0.000127119,1
0.000588838,1
0.000195309,1
0.000432584,1
0.0000437,1
0.0000109,1
0.0000105,1
0.0000428,1
0.0000122,1
0.00000702,1
0.0000298,1
0.0000637,1
0.0000131,1
0.000853084,1
0.000000453,1
0.0000357,1
0.0000711,1
0.0000114,1
0.000143893,1
0.000100807,1
0.0000515,1
0.00000047,1
0.000720003,1
0.000029,1
0.002024927,1
0.00000381,1
0.000142201,1
0.00000169,1
0.00000636,1
0.0000361,1
0.000572773,1
0.0000765,1
0.000312207,1
0.0000241,1
0.00000253,1
0.000498889,1
0.0000326,1
0.0000758,1
0.00000981,1
0.0000139,1
0.000168379,1
0.001982441,1
0.0000554,1
0.00000722,1
0.000027,1
0.000184991,1
0.005774661,1
0.000115461,1
0.0000479,1
0.0000703,1
0.00000778,1
0.000233462,1
0.0000138,1
0.0000682,1
0.0000676,1
0.00000284,1
0.000415003,1
0.0000918,1
0.008123924,1
0.000347067,1
0.000237666,1
0.000162263,1
0.00017381,1
0.0000194,1
0.00000481,1
0.0000754,1
0.0000343,1
0.0000336,1
0.000092,1
0.003805616,1
0.0000348,1
0.0000402,1
0.0000234,1
0.000801412,1
0.0000606,1
0.000202873,1
0.000171121,1
0.0000328,1
0.0000255,1
0.0000318,1
0.00096617,1
0.001576619,1
0.0000272,1
0.0000218,1
0.0000276,1
0.000671019,1
0.000144426,1
0.003065261,1
0.000209717,1
0.000288401,1
0.000758675,1
0.001800354,1
0.0000739,1
0.0000119,1
0.000172371,1
0.0000504,1
0.00000651,1
0.000179621,1
0.000858664,1
0.0000013,1
0.000254486,1
0.000102905,1
0.000222239,1
0.000260618,1
0.003520511,1
0.0000748,1
0.0000302,1
0.0000742,1
0.0000121,1
0.000131823,1
0.000069,1
0.0000159,1
0.0000712,1
0.000811714,1
0.0000454,1
0.000299514,1
0.000149064,1
0.0000794,1
0.00000768,1
0.000011,1
0.000218793,1
0.000541308,1
0.000041,1
0.000971685,1
0.000582247,1
0.0000895,1
0.0000396,1
0.0000711,1
0.000167628,1
0.000541312,1
0.0000239,1
0.00000538,1
0.000253264,1
0.00022171,1
0.000980711,1
0.000250329,1
0.0000254,1
0.0000519,1
0.0000171,1
0.000542712,1
0.000138435,1
0.00000185,1
0.0000141,1
0.0000158,1
0.000633375,1
0.0000556,1
0.00193722,1
0.0000608,1
0.0000818,1
0.000739318,1
0.00000477,1
0.000156947,1
0.000120498,1
0.0000203,1
0.000249004,1
0.0000614,1
0.000138835,1
0.000225093,1
0.000424854,1
0.0000976,1
0.000682048,1
0.0000499,1
0.0000379,1
0.000202384,1
0.002305595,1
0.002386171,1
0.0000368,1
0.000109277,1
0.002601433,1
0.00065927,1
0.000388281,1
0.004043497,1
0.003605458,1
0.000463269,1
0.000168911,1
0.000126787,1
0.000328126,1
0.000114894,1
0.0000583,1
0.00000313,1
0.000216467,1
0.00076211,1
0.0000756,1
0.000209694,1
0.00012928,1
0.0000551,1
0.000828509,1
0.00028308,1
0.0000573,1
0.000132708,1
7.82E-08,1
0.002589087,1
0.000189691,1
0.001007228,1
0.00018445,1
0.00000328,1
0.000315142,1
0.0000271,1
0.0000158,1
0.0000404,1
0.000313366,1
0.000139583,1
0.0000389,1
0.000106189,1
0.00000209,1
0.000133869,1
0.0000164,1
0.000268981,1
0.0000239,1
0.000240118,1
0.0000314,1
0.000222771,1
0.0000539,1
0.0000356,1
0.0000764,1
0.00000509,1
0.00000045,1
0.0000199,1
0.000000117,1
0.0000409,1
0.00000509,1
0.000000207,1
0.00000275,1
0.00000324,1
0.0000171,1
0.00000476,1
0.0000146,1
0.0000833,1
0.00000687,1
0.0000126,1
0.0000015,1
0.00000646,1
0.000000274,1
0.0000161,1
0.00000224,1
0.000137234,1
0.000000437,1
0.0000212,1
3.88E-08,1
0.0000172,1
0.00000142,1
0.00000384,1
0.001043642,1
0.00000651,1
0.000000365,1
0.00000645,1
0.0000108,1
0.00000541,1
0.0000332,1
0.0000128,1
0.00022417,1
0.000606452,1
0.000000169,1
0.000000173,1
0.00000403,1
0.000000367,1
0.00000033,1
0.000000483,1
0.00000118,1
0.000000106,1
0.00000323,1
3.04E-08,1
0.001403646,1
0.00000388,1
0.0000542,1
0.00024343,1
0.0000139,1
0.000277908,1
3.65E-08,1
0.00000171,1
0.00000113,1
0.00000112,1
0.00000127,1
0.0000004,1
0.00000325,1
0.00000412,1
1.75E-08,1
0.00000321,1
0.000000927,1
0.000033,1
0.000174965,1
0.0000208,1
0.000000147,1
0.0000041,1
0.00000306,1
0.0000138,1
0.000000907,1
0.0000992,1
0.0000257,1
0.0000522,1
0.0000294,1
0.000000549,1
0.00000626,1
0.0000196,1
0.00000749,1
0.0000948,1
0.000000823,1
0.001677877,1
0.000694791,1
0.025205655,1
0.000208072,1
0.000000468,1
4.02E-08,1
0.000000232,1
0.00000324,1
0.00000514,1
0.001776471,1
0.0000963,1
0.000300518,1
0.00000699,1
0.0000558,1
0.00000155,1
4.31E-08,1
0.00000695,1
0.0000576,1
0.000000921,1
0.005122538,1
0.0000539,1
0.0000104,1
0.00000375,1
8.25E-08,1
0.000250837,1
0.0000258,1
0.00000911,1
0.000018,1
0.00000101,1
0.000169636,1
0.000000458,1
0.00000438,1
0.00000408,1
0.0000486,1
0.0000075,1
0.0000166,1
