0.6459401,0
0.97319704,0
0.27135003,0
0.8593664,0
0.089683324,0
0.9982704,0
0.99878913,0
0.9998393,0
0.43509594,0
0.084800035,0
0.66466355,0
0.95057946,0
0.99294937,0
0.99546546,0
0.9954045,0
0.8391365,0
0.99930763,0
0.99895537,0
0.90105176,0
0.9915479,0
0.40043998,0
0.8507768,0
0.50926644,0
0.96401554,0
0.7968762,0
0.17577799,0
0.9970907,0
0.42311847,0
0.7954428,0
0.81513005,0
0.087717876,0
0.9999933,0
0.28559253,0
0.9159162,0
0.9955869,0
0.7934701,0
0.083092235,0
0.46649832,0
0.93479645,0
0.99984837,0
0.723584,0
0.81179404,0
0.9998807,0
0.95283383,0
0.9723932,0
0.9988417,0
0.5806856,0
0.65905493,0
0.86414623,0
0.38864222,0
0.9999901,0
0.5764317,0
0.4378625,0
0.43811405,0
0.41703302,0
0.98736155,0
0.34005263,0
0.71551394,0
0.9162399,0
0.9999964,0
0.941387,0
0.3031558,0
0.05515522,0
0.12507425,0
0.73041105,0
0.23643848,0
0.22860953,0
0.39150482,0
0.93920237,0
0.18716075,0
0.029070145,0
0.7697541,0
0.7155747,0
0.024014596,0
0.99498135,0
0.29350397,0
0.037596006,0
0.68301356,0
0.106142685,0
0.42071173,0
0.38071045,0
0.7388324,0
0.7565098,0
0.63683015,0
0.79886395,0
0.2821653,0
0.9395434,0
0.2388048,0
0.03068418,0
0.017253285,0
0.18736944,0
0.33530745,0
0.15709937,0
0.18621032,0
0.99787104,0
0.7656522,0
0.971714,0
0.9995198,0
0.12181426,0
0.74278945,0
0.9010223,0
0.92415696,0
0.815029,0
0.11857198,0
0.9327245,0
0.9104493,0
0.49210253,0
0.97476315,0
0.12652698,0
0.9977986,0
0.64958215,0
0.9900343,0
0.77960724,0
0.5938569,0
0.9981893,0
0.99349326,0
0.43755323,0
0.9973097,0
0.54131037,0
0.3110942,0
0.9918544,0
0.76826113,0
0.4164391,0
0.91672224,0
0.17695378,0
0.985885,0
0.8972371,0
0.35112265,0
0.6011266,0
0.9826968,0
0.89156324,0
0.8589608,0
0.8662739,0
0.24925515,0
0.9959706,0
0.8398895,0
0.53859305,0
0.87573767,0
0.37819368,0
0.88673264,0
0.9830976,0
0.98495126,0
0.9976555,0
0.9923914,0
0.17501004,0
0.25836742,0
0.11711641,0
0.7141271,0
0.21026976,0
0.88208246,0
0.929018,0
0.2799789,0
0.7468323,0
0.06354109,0
0.4630079,0
0.41569623,0
0.510962,0
0.116933644,0
0.61068827,0
0.024248604,0
0.39330372,0
0.839006,0
0.06892385,0
0.864825,0
0.3882044,0
0.9736622,0
0.19087711,0
0.6338974,0
0.9794978,0
0.9276955,0
0.99815613,0
0.9897244,0
0.9696851,0
0.045552015,0
0.2665398,0
0.4044482,0
0.9998387,0
0.9715067,0
0.5114855,0
0.73854506,0
0.8699165,0
0.8456138,0
0.99837744,0
0.96239185,0
0.9980287,0
0.99942446,0
0.99847704,0
0.98371327,0
0.99628663,0
0.94710016,0
0.9584277,0
0.98881394,0
0.99573356,0
0.963377,0
0.9545969,0
0.9933575,0
0.86346185,0
0.8845102,0
0.94032276,0
0.99672097,0
0.75267345,0
0.9967558,0
0.9927806,0
0.9985391,0
0.99768794,0
0.99959713,0
0.974778,0
0.64803106,0
0.96850204,0
0.9840447,0
0.98865277,0
0.9463661,0
0.98896563,0
0.92233276,0
0.99233365,0
0.9434939,0
0.997721,0
0.9985409,0
0.9990195,0
0.9999671,0
0.9984983,0
0.99976116,0
0.7778372,0
0.95382345,0
0.7226981,0
0.9348908,0
0.9989779,0
0.9646429,0
0.7419681,0
0.93510616,0
0.9829081,0
0.99860865,0
0.98000777,0
0.963482,0
0.96834815,0
0.99772745,0
0.21592508,0
0.94177115,0
0.6808387,0
0.98772883,0
0.9792594,0
0.9927954,0
0.988203,0
0.9339399,0
0.93118346,0
0.9160363,0
0.99904007,0
0.9946813,0
0.9813456,0
0.9999242,0
0.9886563,0
0.9881809,0
0.5447005,0
0.6113191,0
0.95381,0
0.9992859,0
0.9983808,0
0.99984217,0
0.9740537,0
0.2776623,0
0.9977368,0
0.9999193,0
0.7443424,0
0.95168126,0
0.9304236,0
0.9854746,0
0.9970836,0
0.9974814,0
0.7014599,0
0.9921135,0
0.9996013,0
0.96770704,0
0.99995756,0
0.9998411,0
0.98781127,0
0.90316296,0
0.999154,0
0.99843293,0
0.99748695,0
0.9999856,0
0.99962234,0
0.96987176,0
0.9981558,0
0.99991095,0
0.99922466,0
0.99976903,0
0.9996092,0
0.9987268,0
0.99944764,0
0.9987601,0
0.9987808,0
0.99474347,0
0.9720538,0
0.98696417,0
0.98776513,0
0.99864906,0
0.9525257,0
0.9950799,0
0.9998779,0
0.9506651,0
0.9995239,0
0.89807147,0
0.91077,0
0.9987368,0
0.8987448,0
0.54059315,0
0.9230066,0
0.098929904,0
0.41320306,0
0.058529682,0
0.006548645,0
0.8594571,0
0.6396394,0
0.28985506,0
0.5860371,0
0.9961261,0
0.9972059,0
0.7604798,0
0.56610346,0
0.170415,0
0.96953905,0
0.060576186,0
0.9371559,0
0.08561278,0
0.06695193,0
0.96290666,0
0.08028656,0
0.6364634,0
0.9354632,0
0.9930494,0
0.8960256,0
0.100190535,0
0.9342329,0
0.99936956,0
0.98872364,0
0.553948,0
0.7341148,0
0.99971586,0
0.6090458,0
0.94092965,0
0.9187515,0
0.9635336,0
0.99858814,0
0.96943486,0
0.15913,0
0.97041637,0
0.1839586,0
0.99976903,0
0.8378517,0
0.9978769,0
0.99921095,0
0.48694775,0
0.07331458,0
0.9852055,0
0.32944724,0
0.98565555,0
0.5946657,0
0.77868456,0
0.9993166,0
0.8168401,0
0.60105985,0
0.99389315,0
0.5066045,0
0.15551302,0
0.40521255,0
0.9933109,0
0.9934242,0
0.98724675,0
0.568681,0
0.99946076,0
0.59785587,0
0.99863976,0
0.79275984,0
0.9798217,0
0.99826115,0
0.8072729,0
0.9989963,0
0.031677984,0
0.96355623,0
0.99442935,0
0.998228,0
0.86536413,0
0.9035357,0
0.4053484,0
0.07849643,0
0.9550823,0
0.9995721,0
0.99357104,0
0.9785407,0
0.9967096,0
0.9987445,0
0.16926989,0
0.19609936,0
0.7918681,0
0.86665154,0
0.99997246,0
0.9999881,0
0.9659531,0
0.99856514,0
0.4326861,0
0.6213248,0
0.9839522,0
0.33979335,0
0.9986084,0
0.9970958,0
0.08392611,0
0.73637265,0
0.97204036,0
0.7060744,0
0.9985839,0
0.9976157,0
0.99754035,0
0.99981624,0
0.6019331,0
0.9999143,0
0.933275,0
0.98337907,0
0.2642596,0
0.70669717,0
0.9835361,0
0.99996674,0
0.5907478,0
0.9631008,0
0.9951533,0
0.5702903,0
0.9939545,0
0.9835381,0
0.9881711,0
0.9999062,0
0.8691219,0
0.88940585,0
0.99983287,0
0.6477331,0
0.97700036,0
0.44205412,0
0.9965753,0
0.09083904,0
0.9990107,0
0.99678206,0
0.9786608,0
0.99712425,0
0.9996741,0
0.9779976,0
0.93545043,0
0.9622114,0
0.95134044,0
0.8916163,0
0.50974005,0
0.99875236,0
0.9997768,0
0.9996511,0
0.99201256,0
0.96678346,0
0.95642745,0
0.9939182,0
0.9239938,0
0.8585585,0
0.9894918,0
0.2532895,0
0.9879773,0
0.004900076,0
0.90680027,0
0.2086994,0
0.2003105,0
0.12337983,0
0.10231557,0
0.017584592,0
0.12844461,0
0.3293843,0
0.056262393,0
0.9655079,0
0.82566535,0
0.99352056,0
0.99599683,0
0.8894955,0
0.9576627,0
0.98842365,0
0.99757487,0
0.9347133,0
0.08609102,0
0.88650376,0
0.99932253,0
0.9878748,0
0.99023694,0
0.82710224,0
0.7811822,0
0.6090908,0
0.99549425,0
0.35092682,0
0.06288709,0
0.180455,0
0.9408908,0
0.36292025,0
0.98678035,0
0.25600502,0
0.3614338,0
0.8442929,0
0.11233841,0
0.9978745,0
0.1387135,0
0.5821041,0
0.30060214,0
0.72268724,0
0.10107967,0
0.16172084,0
0.017037816,0
0.46305445,0
0.7950664,0
0.8607508,0
0.08289708,0
0.9989133,0
0.9947535,0
0.44511476,0
0.69496864,0
0.93056554,0
0.98041946,0
0.70498616,0
0.99922514,0
0.9283506,0
0.9999609,0
0.40360183,0
0.8902134,0
0.996917,0
0.992535,0
0.9965197,0
0.8877987,0
0.92597127,0
0.9999248,0
0.9999304,0
0.9962335,0
0.96943396,0
0.9970451,0
0.98598075,0
0.9925275,0
0.99741614,0
0.99842834,0
0.997766,0
0.99110246,0
0.9938226,0
0.45020714,0
0.9991985,0
0.94055283,0
0.9999727,0
0.99977916,0
0.9999558,0
0.9543613,0
0.99995816,0
0.9989322,0
0.9733858,0
0.8185322,0
0.9513981,0
0.9999794,0
0.99987924,0
0.99800867,0
0.9992434,0
0.99972504,0
0.999933,0
0.99998355,0
0.99688137,0
0.999627,0
0.9995565,0
0.98701376,0
0.99965215,0
0.99985576,0
0.98227423,0
0.9885323,0
0.9338935,0
0.9995664,0
0.8473746,0
0.9998499,0
0.9885068,0
0.99421096,0
0.69928026,0
0.8864742,0
0.6931729,0
0.9772406,0
0.99935514,0
0.97028595,0
0.9999325,0
0.99996376,0
0.9976247,0
0.97813326,0
0.99089503,0
0.9999764,0
0.9991379,0
0.99981254,0
0.9998642,0
0.8766422,0
0.9958133,0
0.99987686,0
0.9989033,0
0.9996574,0
0.6123235,0
0.99843854,0
0.994703,0
0.9994899,0
0.9909499,0
0.99616843,0
0.8933083,0
0.9941347,0
0.97692674,0
0.9995455,0
0.30468702,0
0.8499785,0
0.9758306,0
0.99910575,0
0.64515805,0
0.96573466,0
0.6040719,0
0.99712723,0
0.999666,0
0.9995703,0
0.9998623,0
0.996842,0
0.99903476,0
0.34525582,0
0.99983776,0
0.98261684,0
0.99916863,0
0.9999095,0
0.9999672,0
0.9999962,0
0.99999905,0
0.999992,0
0.9999263,0
0.99999166,0
0.99993265,0
0.9959247,0
0.99995434,0
0.99994075,0
0.99997306,0
0.9994879,0
0.9999448,0
0.9996842,0
0.99953675,0
0.9999423,0
0.99994504,0
0.99993646,0
0.9999348,0
0.99999464,0
0.9972773,0
0.99809414,0
0.99950206,0
0.999841,0
0.98910785,0
0.99724966,0
0.99999905,0
0.99973947,0
0.99999356,0
0.9997594,0
0.99739313,0
0.99999666,0
0.99918526,0
0.9999131,0
0.9999273,0
0.9999968,0
0.999752,0
0.99981314,0
0.99986935,0
0.9999002,0
0.9985857,0
0.9985997,0
0.99679786,0
0.9892257,0
0.9999964,0
0.9714968,0
0.9999633,0
0.9991628,0
0.9985306,0
0.99999404,0
0.9770876,0
0.9997023,0
0.9999355,0
0.9997234,0
0.99997723,0
0.97685415,0
0.97282314,0
0.9994935,0
0.9999087,0
0.999943,0
0.9976635,0
0.99925166,0
0.99994326,0
0.99997854,0
0.99913836,0
0.99987936,0
0.9995988,0
0.9987961,0
0.99998164,0
0.99716127,0
0.9999893,0
0.998601,0
0.9991534,0
0.99992466,0
0.9055073,0
0.9999869,0
0.99930215,0
0.99999833,0
0.9999976,0
0.99645126,0
0.9999535,0
0.6779313,0
0.9999318,0
0.9793829,0
0.9975364,0
0.9936231,0
0.99368423,0
0.9999819,0
1,0
0.99998915,0
0.9999982,0
0.9980142,0
0.9909759,0
0.99979156,0
0.9340764,0
0.9990452,0
0.9998578,0
0.9408739,0
0.99998,0
0.9676645,0
0.9999939,0
0.99006116,0
0.99960107,0
0.9858678,0
0.9999393,0
0.99951303,0
0.91230786,0
0.9998429,0
0.9996346,0
0.99998224,0
0.9999908,0
0.9997271,0
0.9997367,0
0.9914418,0
0.9999368,0
0.9999937,0
0.9669649,0
0.9999957,0
0.98553383,0
0.9999001,0
0.92828345,0
0.99997425,0
0.9823475,0
0.9999118,0
0.97314286,0
0.99995005,0
0.4747207,0
0.99982125,0
0.9970567,0
0.9997185,0
0.99987984,0
0.9999932,0
0.7113922,0
0.99966764,0
0.76539534,0
0.9999964,0
0.87817377,0
0.9975237,0
0.70389533,0
0.99999154,0
0.04660777,0
0.9999988,0
0.83552325,0
0.9790394,0
0.9999889,0
0.99978703,0
0.9998784,0
0.99995565,0
0.8761659,0
0.9999273,0
0.99998665,0
0.982611,0
0.9999913,0
0.98334414,0
0.9948243,0
0.99827325,0
0.99994147,0
0.86864597,0
0.99999356,0
0.9994429,0
0.9094944,0
0.9101038,0
0.9811963,0
0.49840164,0
0.8831444,0
0.997401,0
0.9946563,0
0.99808383,0
0.88222414,0
0.25003624,0
0.99962056,0
0.38473454,0
0.99881977,0
0.9820295,0
0.9576593,0
0.89800173,0
0.8680894,0
0.4114766,0
0.99993277,0
0.042483382,0
0.93248636,0
0.930111,0
0.951711,0
0.96640223,0
0.9997712,0
0.9861616,0
0.99932194,0
0.99234045,0
0.9991062,0
0.99730754,0
0.99991477,0
0.9976172,0
0.9933001,0
0.998444,0
0.9773142,0
0.9999763,0
0.65252686,0
0.99068284,0
0.9921496,0
0.9982362,0
0.87220156,0
0.9369834,0
0.027271133,0
0.06275366,0
0.99969435,0
0.9865919,0
0.33173373,0
0.98704636,0
0.6534554,0
0.73925406,0
0.9918098,0
0.9999865,0
0.99877125,0
0.994121,0
0.9996891,0
0.99750143,0
0.99996185,0
0.99997973,0
0.99954104,0
0.999995,0
0.95580006,0
0.9901986,0
0.99772125,0
0.9999292,0
0.9999528,0
0.9886615,0
0.99998176,0
0.9253162,0
0.99992085,0
0.9994968,0
0.99998355,0
0.9999558,0
0.99861836,0
0.99998105,0
0.5131118,0
0.999964,0
0.9996948,0
0.9999976,0
0.9997991,0
0.9909661,0
0.99998546,0
0.9884886,0
0.9999809,0
0.9999573,0
0.9999968,0
0.99957687,0
0.99995995,0
0.99983215,0
0.99996614,0
0.99990034,0
0.9999821,0
0.94185597,0
0.99713707,0
0.9304327,0
0.999577,0
0.9997811,0
0.98323244,0
0.9999299,0
0.99266547,0
0.998178,0
0.9990658,0
0.9872026,0
0.9999988,0
0.99999595,0
0.9999651,0
0.99872893,0
0.99997485,0
0.98617214,0
0.999954,0
0.97556496,0
0.9999974,0
0.9937105,0
0.99996257,0
0.9192136,0
0.9999764,0
0.9880598,0
0.9999918,0
0.9989851,0
0.99972075,0
0.99261606,0
0.9999529,0
0.99979717,0
0.9999993,0
0.99825114,0
0.99995637,0
0.9999789,0
0.99998975,0
0.99995613,0
0.9999293,0
0.99868137,0
0.9999918,0
0.9836142,0
0.99999905,0
0.9976786,0
0.9999956,0
0.99950504,0
0.98045427,0
0.99997604,0
0.989958,0
0.99952686,0
0.99995315,0
0.9990369,0
0.99529785,0
0.99727887,0
0.99949765,0
0.9998373,0
0.99998665,0
0.92127675,0
0.9999943,0
0.99814045,0
0.9999795,0
0.9997503,0
0.99999034,0
0.9999753,0
0.9999844,0
0.99999845,0
0.9639151,0
0.99971527,0
0.99993896,0
0.99958986,0
0.9999875,0
0.9986771,0
0.9996673,0
0.99988234,0
0.9825478,0
0.99543375,0
0.99968314,0
0.999995,0
0.9999784,0
0.99992967,0
0.99839586,0
0.9579431,0
0.9999567,0
0.99982125,0
0.99998987,0
0.9993585,0
0.99999475,0
0.98222995,0
0.9977449,0
0.99982834,0
0.9997758,0
0.9997925,0
0.9999585,0
0.99933296,0
0.99926084,0
0.9999865,0
0.99998844,0
0.9997297,0
0.999984,0
0.9994332,0
0.9891922,0
0.9999502,0
0.99755377,0
0.99973434,0
0.90212667,0
0.99871564,0
0.9994029,0
0.99849045,0
0.99996567,0
0.9967853,0
0.99989915,0
0.998459,0
0.9887856,0
0.999153,0
0.99531025,0
0.99831414,0
0.99971944,0
0.99940073,0
0.99928457,0
0.99984896,0
0.9999883,0
0.9997634,0
0.99755883,0
0.9999651,0
0.9999882,0
0.999987,0
0.99908173,0
0.9974878,0
0.9996216,0
0.9967919,0
0.9997197,0
0.99921346,0
0.99946624,0
0.9960854,0
0.99986386,0
0.98617923,0
0.9999875,0
0.99349,0
0.99981767,0
0.21959424,0
0.9999732,0
0.9999852,0
0.99651504,0
0.99995685,0
0.9999782,0
0.9977627,0
0.9990834,0
0.99995303,0
0.9961515,0
0.9999937,0
0.99995506,0
0.9997408,0
0.9999975,0
0.9969668,0
0.99995434,0
0.99998415,0
0.99992347,0
0.99997485,0
0.9999993,0
0.9999708,0
0.99999166,0
0.9999114,0
0.9999473,0
0.9999951,0
0.9988446,0
0.9997483,0
0.99986255,0
0.9999944,0
0.9999443,0
0.99999607,0
0.9999918,0
0.9999987,0
0.9999262,0
0.9999542,0
0.99996865,0
0.9999881,0
0.99995005,0
0.99993217,0
0.99996626,0
0.99929583,0
0.99956363,0
0.9999889,0
0.9999896,0
0.99999905,0
0.9994019,0
0.99998665,0
0.99953735,0
0.99996686,0
0.9992392,0
0.9999747,0
0.999928,0
0.9999969,0
0.9999193,0
0.99999905,0
0.99997604,0
0.99990165,0
0.9999902,0
0.9824165,0
0.9999906,0
0.99999595,0
0.99999785,0
0.9999809,0
0.9999802,0
0.99995804,0
0.99997866,0
0.9999889,0
0.9998086,0
0.9999038,0
0.99997723,0
0.99990416,0
0.9999987,0
0.99999046,0
0.9999939,0
0.99996686,0
0.9998369,0
0.99675494,0
0.9987785,0
0.99962926,0
0.99982077,0
0.9994893,0
0.99978524,0
0.9996537,0
0.9995715,0
0.9999994,0
0.9994692,0
0.99989164,0
0.99995875,0
0.9999684,0
0.9997074,0
0.9998247,0
0.99967825,0
0.9998696,0
0.9998884,0
0.9981001,0
0.99999726,0
0.9994293,0
0.9997882,0
0.99998295,0
0.99994826,0
0.9997696,0
0.99464005,0
0.8457671,0
0.9131699,0
0.987795,0
0.8988564,0
0.9999964,0
0.9999975,0
0.9999995,0
0.99999917,0
0.99996495,0
0.9999825,0
0.9998615,0
0.9997181,0
0.9999862,0
0.99997604,0
0.99997854,0
0.98436016,0
0.9976427,0
0.99332726,0
0.9425713,0
0.9854687,0
0.9989837,0
0.9986187,0
0.9998779,0
0.99929106,0
0.9985252,0
0.99594814,0
0.999913,0
0.9666616,0
0.9999399,0
0.99533844,0
0.98037004,0
0.9955225,0
0.9999014,0
0.9999993,0
0.9957218,0
0.9999515,0
0.58121794,0
0.9996239,0
0.99973077,0
0.99598205,0
0.9993755,0
0.9973909,0
0.99952805,0
0.99999726,0
0.99907863,0
0.99260944,0
0.5984896,0
0.99932194,0
0.9999237,0
0.9997054,0
0.99083215,0
0.9967629,0
0.9996141,0
0.999019,0
0.99735403,0
0.9995752,0
0.9992212,0
0.99612504,0
0.9990043,0
0.98259974,0
0.9999285,0
0.9999105,0
0.9910029,0
0.99977916,0
0.99975985,0
0.9999882,0
0.99961096,0
0.9999112,0
0.99992347,0
0.9971897,0
0.9991227,0
0.99371237,0
0.995955,0
0.99580485,0
0.9984937,0
0.88883793,0
0.9998123,0
0.9999937,0
0.9999546,0
0.9996313,0
0.99942017,0
0.9819051,0
0.9998448,0
0.9999957,0
0.999845,0
0.9593867,0
0.997919,0
0.9991437,0
0.97769564,0
0.99992454,0
0.99977905,0
0.9999318,0
0.9920896,0
0.99872226,0
0.9996489,0
0.99998236,0
0.9998148,0
0.9999541,0
0.9992956,0
0.99987257,0
0.16777922,0
0.9999801,0
0.9951206,0
0.9999838,0
0.99998176,0
0.99771714,0
0.99999404,0
0.99994063,0
0.99885535,0
0.9997538,0
0.99935764,0
0.9990841,0
0.99985194,0
0.9986852,0
0.99993527,0
0.99760604,0
0.99904305,0
0.9998198,0
0.9997949,0
0.99980885,0
0.99314684,0
0.99954396,0
0.9998605,0
0.99982905,0
0.9996151,0
0.99999666,0
0.99996936,0
0.998139,0
0.9999397,0
0.9997074,0
0.99997675,0
0.99998415,0
0.9999685,0
0.9999733,0
0.99994504,0
0.99999833,0
0.9999515,0
0.99983084,0
0.9999987,0
0.99999213,0
0.99999976,0
0.9999964,0
0.9999279,0
0.99995315,0
0.9999076,0
0.9999794,0
0.9999622,0
0.9997702,0
0.9999465,0
0.9994673,0
0.99999356,0
0.9999491,0
0.99999857,0
0.9999943,0
0.99999595,0
0.9999975,0
0.9998945,0
0.999912,0
0.9998553,0
0.999874,0
0.999998,0
0.999984,0
0.99979573,0
0.9999963,0
0.999895,0
0.9999821,0
0.9995253,0
0.99999785,0
0.99990284,0
0.9999993,0
0.9999645,0
0.99999106,0
0.9999851,0
0.99998105,0
0.99747735,0
0.9999914,0
0.99992573,0
0.99995327,0
0.9999654,0
0.9998944,0
0.99947006,0
0.99995935,0
0.9984901,0
0.9999683,0
0.99952734,0
0.99704343,0
0.9999989,0
0.99999034,0
0.99996996,0
0.9999713,0
0.9999217,0
0.9989925,0
0.9999956,0
0.9998029,0
0.99999166,0
0.9999883,0
0.9997589,0
0.9999951,0
0.99991024,0
0.9999995,0
0.9999926,0
0.9999896,0
0.99995387,0
0.9999869,0
0.9999006,0
0.9998331,0
0.9990128,0
0.9999728,0
0.999548,0
0.99978226,0
0.999884,0
0.9995334,0
0.999946,0
0.99994135,0
0.9999925,0
0.99984705,0
0.9999633,0
0.99999785,0
0.99969614,0
0.9999918,0
0.99999714,0
0.9999988,0
0.99999547,0
0.9998976,0
0.9999784,0
0.9999604,0
0.992113,0
0.999969,0
0.9983376,0
0.99640745,0
0.9995548,0
0.9999665,0
0.9990521,0
0.99968314,0
0.9998492,0
0.9995726,0
0.999724,0
0.9997887,0
0.9995245,0
0.99981934,0
0.99999654,0
0.99917966,0
0.9999893,0
0.99978644,0
0.9999356,0
0.9997322,0
0.99999344,0
0.9999361,0
0.999044,0
0.6885226,0
0.99974626,0
0.736724,0
0.9999862,0
0.988176,0
0.99993193,0
0.9927269,0
0.99973696,0
0.9999323,0
0.8227755,0
0.9979127,0
0.99648076,0
0.95322657,0
0.9993988,0
0.99725145,0
0.9998435,0
0.9997656,0
0.9997272,0
0.9996088,0
0.9964224,0
0.9956949,0
0.9975788,0
0.999413,0
0.99220675,0
0.99927205,0
0.9808611,0
0.99996996,0
0.999721,0
0.99980813,0
0.9998934,0
0.9988186,0
0.9999844,0
0.9964439,0
0.9701901,0
0.99768066,0
0.9981711,0
0.9985455,0
0.9988262,0
0.9979771,0
0.9999987,0
0.9999975,0
0.99993014,0
0.999984,0
0.99999976,0
0.99998057,0
0.99979717,0
0.9999969,0
0.9999517,0
0.99982953,0
0.9998584,0
0.9998921,0
0.99985373,0
0.9998307,0
0.9999949,0
0.9981957,0
0.9996836,0
0.9999739,0
0.9992249,0
0.9919682,0
0.99986434,0
0.9931115,0
0.99953043,0
0.9999895,0
0.99983156,0
0.9978269,0
0.99571794,0
0.99132186,0
0.97174734,0
0.99991643,0
0.99995005,0
0.99948823,0
0.99999523,0
0.9999814,0
0.9963911,0
0.9996809,0
0.9999455,0
0.99977106,0
0.99995863,0
0.9997756,0
0.99721694,0
0.9999534,0
0.9999621,0
0.9999348,0
0.99939525,0
0.99995875,0
0.9999696,0
0.99956554,0
0.99552155,0
0.99980265,0
0.9999007,0
0.9985952,0
0.99717027,0
0.988209,0
0.999859,0
0.9997818,0
0.99927217,0
0.79932356,0
0.9989287,0
0.9988727,0
0.99790573,0
0.99992156,0
0.99831104,0
0.91914046,0
0.9929645,0
0.9997342,0
0.9985116,0
0.99807334,0
0.99907136,0
0.92994004,0
0.998085,0
0.99989605,0
0.99992895,0
0.9996644,0
0.9511847,0
0.9995142,0
0.99942064,0
0.9999125,0
0.9982486,0
0.9997503,0
0.99743843,0
0.99981624,0
0.99852824,0
0.9999244,0
0.9986563,0
0.99860686,0
0.99968684,0
0.94748586,0
0.9986594,0
0.9999435,0
0.99442506,0
0.9993216,0
0.9999864,0
0.999772,0
0.99920136,0
0.99703634,0
0.99995995,0
0.9987488,0
0.99996424,0
0.99991345,0
0.9997652,0
0.99892247,0
0.99964535,0
0.99979204,0
0.9998858,0
0.9992636,0
0.9999863,0
0.9735979,0
0.9891378,0
0.99922836,0
0.49962917,0
0.99930656,0
0.18898025,0
0.9058121,0
0.31012285,0
0.8261121,0
0.9995926,0
0.99993,0
0.99939597,0
0.9999629,0
0.7572185,0
0.84842485,0
0.99999523,0
0.84138334,0
0.99999523,0
0.9981306,0
0.91737616,0
0.99999774,0
0.923256,0
0.99995625,0
0.76136893,0
0.9997862,0
0.9743201,0
0.6800043,0
0.991252,0
0.9437783,0
0.9132034,0
0.19093506,0
0.9992888,0
0.77138925,0
0.99936646,0
0.21766236,0
0.99951565,0
0.99992645,0
0.9992041,0
0.99999595,0
0.9483173,0
0.99999857,0
0.99842286,0
0.99996126,0
0.9997751,0
0.88095963,0
0.9831709,0
0.9995408,0
0.95223397,0
0.9934034,0
0.79494303,0
0.98742723,0
0.25757432,0
0.9935027,0
0.99180824,0
0.47552133,0
0.24992548,0
0.9923515,0
0.9948436,0
0.11241534,0
0.9950112,0
0.9999064,0
0.1582874,0
0.97120583,0
0.98819387,0
0.9902615,0
0.9996561,0
0.9980914,0
0.9954744,0
0.09724975,0
0.9988329,0
0.7808114,0
0.114696644,0
0.9375205,0
0.9771788,0
0.9999707,0
0.9700725,0
0.99931335,0
0.051550247,0
0.99864405,0
0.9943579,0
0.998547,0
0.99175805,0
0.99998486,0
0.16867855,0
0.999905,0
0.3106252,0
0.9995604,0
0.89861214,0
0.704522,0
0.72572243,0
0.8921883,0
0.9994584,0
0.9788618,0
0.86514336,0
0.8026185,0
0.9958138,0
0.9249125,0
0.949783,0
0.974882,0
0.93833345,0
0.7137141,0
0.68385154,0
0.7932467,0
0.5472809,0
0.29738703,0
0.70909303,0
0.90846324,0
0.7945555,0
0.34150174,0
0.9003835,0
0.6719897,0
0.90029204,0
0.964407,0
0.98839825,0
0.75339365,0
0.82683676,0
0.9857508,0
0.6615792,0
0.9207886,0
0.7659499,0
0.8628968,0
0.5110287,0
0.23397146,0
0.7540877,0
0.12778223,0
0.7010557,0
0.550194,0
0.32858354,0
0.8414149,0
0.6537958,0
0.83612597,0
0.9924233,0
0.99048096,0
0.9354322,0
0.9979475,0
0.9044074,0
0.95251834,0
0.98099124,0
0.9983359,0
0.98087734,0
0.5766605,0
0.4165936,0
0.15244846,0
0.5563405,0
0.73672783,0
0.3879616,0
0.18502791,0
0.656219,0
0.7232335,0
0.10492325,0
0.7466452,0
0.17024039,0
0.23690642,0
0.27719417,0
0.18663837,0
0.24572209,0
0.92182416,0
0.9613689,0
0.90393937,0
0.89369005,0
0.33078158,0
0.28109482,0
0.3666635,0
0.98406464,0
0.9565556,0
0.9399105,0
0.9968436,0
0.46105492,0
0.9952272,0
0.92459506,0
0.67793936,0
0.124469794,0
0.06291927,0
0.5779325,0
0.93809575,0
0.984209,0
0.9601014,0
0.7497075,0
0.97843575,0
0.9907549,0
0.9999894,0
0.9999974,0
0.99959975,0
0.99978644,0
0.9999455,0
0.9997681,0
0.9583723,0
0.9999813,0
0.9999876,0
0.99743074,0
0.99737704,0
0.99915326,0
0.9917064,0
0.976716,0
0.74110866,0
0.99791104,0
0.9998172,0
0.99719304,0
0.99362624,0
0.9967835,0
0.9996295,0
0.92335415,0
0.9399462,0
0.9988331,0
0.92047113,0
0.9999229,0
0.94808716,0
0.9998988,0
0.9984475,0
0.9961552,0
0.9993623,0
0.9921387,0
0.9998907,0
0.99959975,0
0.9998635,0
0.99999547,0
0.99996376,0
0.99999833,0
0.99992037,0
0.9591929,0
0.99988496,0
0.8925245,0
0.99404174,0
0.999537,0
0.9845206,0
0.9799359,0
0.98968047,0
0.99867815,0
0.9992551,0
0.8488851,0
0.9982956,0
0.9926885,0
0.99952924,0
0.997644,0
0.8310722,0
0.82478845,0
0.9878373,0
0.9652551,0
0.99956447,0
0.99987495,0
0.7816654,0
0.99988186,0
0.9995322,0
0.99997854,0
0.9998561,0
0.9999932,0
0.99999106,0
0.9999902,0
0.9999651,0
0.9998983,0
0.9993923,0
0.98470116,0
0.9976871,0
0.895163,0
0.99092734,0
0.98002476,0
0.998458,0
0.9707153,0
0.9980287,0
0.9986473,0
0.58740115,0
0.9805376,0
0.9930963,0
0.9892068,0
0.15054043,0
0.78613466,0
0.76365024,0
0.9972615,0
0.17222445,0
0.88540983,0
0.83158714,0
0.7520749,0
0.951401,0
0.9998148,0
0.9973809,0
0.9981001,0
0.99999666,0
0.9998535,0
0.9999995,0
0.99904174,0
0.9563316,0
0.9992919,0
0.992365,0
0.9998454,0
0.99431664,0
0.998782,0
0.9962135,0
0.99663323,0
0.998686,0
0.9988814,0
0.9998833,0
0.99733895,0
0.9994574,0
0.99898034,0
0.995044,0
0.9865872,0
0.99979407,0
0.82481575,0
0.906508,0
0.9999856,0
0.9880244,0
0.9936208,0
0.9714858,0
0.98114437,0
0.99992,0
0.9950488,0
0.99975926,0
0.99975806,0
0.99896026,0
0.99931824,0
0.9881322,0
0.9993162,0
0.9996494,0
0.99983215,0
0.99636155,0
0.99866533,0
0.9948986,0
0.98737943,0
0.98389626,0
0.9991899,0
0.9911311,0
0.9917658,0
0.98759204,0
0.9999858,0
0.99959666,0
0.9608311,0
0.99878615,0
0.9999318,0
0.98048604,0
0.9894315,0
0.99835783,0
0.99871135,0
0.998982,0
0.9995995,0
0.99990463,0
0.99550843,0
0.9937511,0
0.9998727,0
0.99874085,0
0.9570529,0
0.99992764,0
0.9991239,0
0.99972135,0
0.99999845,0
0.99998534,0
0.99823064,0
0.9909711,0
0.9941758,0
0.9991289,0
0.96603405,0
0.9833951,0
0.9671797,0
0.9893086,0
0.95327866,0
0.9948244,0
0.99909925,0
0.9873154,0
0.9981933,0
0.99699366,0
0.9476728,0
0.99806815,0
0.99994385,0
0.9985813,0
0.99580777,0
0.99995744,0
0.9999654,0
0.99982363,0
0.9996611,0
0.9983783,0
0.9646064,0
0.9986243,0
0.9687648,0
0.992523,0
0.99557686,0
0.9994393,0
0.9989785,0
0.98314166,0
0.9839924,0
0.99980026,0
0.5512786,0
0.9991536,0
0.9997763,0
0.99923134,0
0.99943024,0
0.9944977,0
0.9958007,0
0.9979207,0
0.9997999,0
0.99999964,0
0.9998684,0
0.9993956,0
0.99870527,0
0.99983776,0
0.99997306,0
0.9981463,0
0.8610801,0
0.9966517,0
0.99726343,0
0.99397063,0
0.9970174,0
0.9966828,0
0.99954945,0
0.9828389,0
0.9994729,0
0.99967575,0
0.9635114,0
0.9994294,0
0.9999285,0
0.99998105,0
0.99999607,0
0.9997187,0
0.9993468,0
0.99994767,0
0.9997904,0
0.9974987,0
0.8284108,0
0.98948264,0
0.9926771,0
0.99960405,0
0.99811816,0
0.99891603,0
0.9998171,0
0.9963582,0
0.99999607,0
0.9999583,0
0.99799526,0
0.8761627,0
0.9996661,0
0.9997384,0
0.99964464,0
0.9986304,0
0.9988882,0
0.99857175,0
0.98578763,0
0.9908365,0
0.9999902,0
0.99071443,0
0.95291185,0
0.99963665,0
0.99986553,0
0.9999231,0
0.9996055,0
0.9995166,0
0.9999168,0
0.99987316,0
0.9999039,0
0.99996126,0
0.99994016,0
0.99976355,0
0.99970156,0
0.99979717,0
0.94884855,0
0.9990202,0
0.9999136,0
0.9998722,0
0.9998456,0
0.99673504,0
0.9998254,0
0.9999782,0
0.98553187,0
0.9999808,0
0.99813485,0
0.9938366,0
0.9923827,0
0.99186796,0
0.55771226,0
0.98562557,0
0.984774,0
0.003018665,1
0.002022433,1
0.001105753,1
0.001517186,1
0.000908012,1
0.002292003,1
0.002696975,1
0.000485381,1
0.001320683,1
0.004274515,1
0.001752543,1
0.001517034,1
0.000977101,1
0.002133453,1
0.000593957,1
0.004605343,1
0.000646996,1
0.001035599,1
0.000491855,1
0.000485802,1
0.000513687,1
0.000596955,1
0.000879714,1
0.001634058,1
0.001895473,1
0.000295171,1
0.001056037,1
0.003892604,1
0.000402331,1
0.001724588,1
0.001107885,1
0.00048337,1
0.009967008,1
0.004566172,1
0.001964986,1
0.000916752,1
0.001920518,1
0.001420038,1
0.001007543,1
0.000382789,1
0.006420253,1
0.008733185,1
0.005595091,1
0.002732486,1
0.001488521,1
0.004891567,1
0.00138921,1
0.003555056,1
0.000753437,1
0.001721043,1
0.004791305,1
0.002268957,1
0.000745889,1
0.000777868,1
0.000322501,1
0.004975197,1
0.002566148,1
0.000316298,1
0.000752487,1
0.002433604,1
0.001060909,1
0.001408286,1
0.001279332,1
0.009442729,1
0.001000426,1
0.001531773,1
0.002050343,1
0.004399996,1
0.001594945,1
0.00225329,1
0.000287688,1
0.000504944,1
0.003028497,1
0.00238629,1
0.000397864,1
0.001869008,1
0.000400367,1
0.00177899,1
0.000589578,1
0.001267943,1
0.005356776,1
0.001313941,1
0.018104028,1
0.003592851,1
0.001187549,1
0.00409939,1
0.002563291,1
0.00106767,1
0.001249083,1
0.000175015,1
0.001147043,1
0.003177413,1
0.000975677,1
0.0000979,1
0.000485239,1
0.000172101,1
0.000124236,1
0.000923206,1
0.001040418,1
0.001022544,1
0.005162453,1
0.000383049,1
0.0000966,1
0.000702921,1
0.000395264,1
0.000155651,1
0.00046274,1
0.00036167,1
0.000300073,1
0.004771184,1
0.000215064,1
0.003269732,1
0.000361492,1
0.000367488,1
0.000110426,1
0.000119768,1
0.002799564,1
0.0003038,1
0.001698355,1
0.000948207,1
0.000848718,1
0.001155681,1
0.0000726,1
0.000367513,1
0.000622,1
0.000501138,1
0.05787951,1
0.000168343,1
0.000344961,1
0.000539836,1
0.001127174,1
0.000479593,1
0.000224135,1
0.000247287,1
0.00106266,1
0.000645245,1
0.000523164,1
0.001937882,1
0.001312206,1
0.000567252,1
0.000709618,1
0.000318508,1
0.00095399,1
0.000396485,1
0.0061283,1
0.000700404,1
0.000348035,1
0.00054117,1
0.000673693,1
0.00054323,1
0.000507541,1
0.000288336,1
0.000433938,1
0.002186284,1
0.000269308,1
0.000186429,1
0.000952368,1
0.000196704,1
0.000645503,1
0.000648894,1
0.000267756,1
0.000141992,1
0.004457042,1
0.0000978,1
0.000101689,1
0.000135327,1
0.0000668,1
0.000141191,1
0.000536824,1
0.00032206,1
0.000276943,1
0.006963947,1
0.002868343,1
0.001258648,1
0.000976591,1
0.000509843,1
0.000110872,1
0.000215443,1
0.000163404,1
0.000234123,1
0.0000168,1
0.000268877,1
0.0000519,1
0.00017264,1
0.000356036,1
0.0000881,1
0.000131184,1
0.000059,1
0.0003119,1
0.000589535,1
0.000450229,1
0.000195706,1
0.000952664,1
0.005811068,1
0.000215927,1
0.000138641,1
0.000782056,1
0.001374934,1
0.000510349,1
0.002336161,1
0.007000543,1
0.002013052,1
0.000210256,1
0.000257293,1
0.000721013,1
0.000191073,1
0.000445007,1
0.004327892,1
0.002047075,1
0.000630792,1
0.00511444,1
0.010009752,1
0.000477643,1
0.002515608,1
0.008203961,1
0.003530331,1
0.001583416,1
0.000298416,1
0.0000919,1
0.00011514,1
0.000420316,1
0.000174142,1
0.000353452,1
0.000759652,1
0.000270018,1
0.000542034,1
0.000443692,1
0.000282327,1
0.038852014,1
0.000144844,1
0.0000555,1
0.00074621,1
0.001679445,1
0.0000749,1
0.000536042,1
0.001496735,1
0.000322938,1
0.000479731,1
0.000451444,1
0.003346321,1
0.000663224,1
0.000421597,1
0.000140462,1
0.001427447,1
0.000165286,1
0.000209996,1
0.000103199,1
0.0000471,1
0.000145686,1
0.002162307,1
0.000453743,1
0.000512321,1
0.00014163,1
0.003581793,1
0.002413168,1
0.001010199,1
0.001174107,1
0.000514826,1
0.00074801,1
0.017566372,1
0.002936228,1
0.026028134,1
0.001454919,1
0.001020533,1
0.000696596,1
0.00572156,1
0.003277112,1
0.000865348,1
0.000228756,1
0.001239854,1
0.0000887,1
0.002856243,1
0.00030176,1
0.000144031,1
0.000424833,1
0.000275599,1
0.000028,1
0.0000972,1
0.0000731,1
0.000144315,1
0.000401309,1
0.002543822,1
0.0000477,1
0.000472971,1
0.0000958,1
0.000121703,1
0.001215891,1
0.0000704,1
0.00026781,1
0.000158681,1
0.00026106,1
0.004181498,1
0.000095,1
0.0000662,1
0.000258029,1
0.000160022,1
0.0000398,1
0.000358132,1
0.000269209,1
0.000268291,1
0.000088,1
0.000886637,1
0.0000706,1
0.0000613,1
0.000357646,1
0.002525892,1
0.00017204,1
0.000466383,1
0.000328683,1
0.00599573,1
0.00024548,1
0.000149526,1
0.0000583,1
0.000172624,1
0.000401376,1
0.000769576,1
0.000514929,1
0.000204877,1
0.000189793,1
0.000657558,1
0.000274692,1
0.000029,1
0.000042,1
0.000799344,1
0.000451852,1
0.002749421,1
0.000405529,1
0.0000545,1
0.000239634,1
0.000111475,1
0.000168855,1
0.000842516,1
0.000309631,1
0.000247675,1
0.000694343,1
0.000221455,1
0.000254219,1
0.001802755,1
0.001121267,1
0.00135124,1
0.000619221,1
0.000339034,1
0.000751799,1
0.000820146,1
0.001699698,1
0.000458768,1
0.001294807,1
0.002289298,1
0.002339943,1
0.000565246,1
0.001455477,1
0.00208677,1
0.000286283,1
0.000864422,1
0.001230946,1
0.005218604,1
0.000241735,1
0.002158554,1
0.000428396,1
0.000688455,1
0.001160812,1
0.000367414,1
0.000612583,1
0.001144895,1
0.002672632,1
0.001442389,1
0.002549833,1
0.000652422,1
0.00041886,1
0.001463154,1
0.003183121,1
0.001500335,1
0.001364533,1
0.000499514,1
0.001026988,1
0.003213795,1
0.00156409,1
0.000362129,1
0.001454855,1
0.000969959,1
0.000345544,1
0.003406319,1
0.000844975,1
0.003106194,1
0.001215905,1
0.000725713,1
0.002025706,1
0.001558195,1
0.001122958,1
0.000738652,1
0.000926123,1
0.000369192,1
0.000559806,1
0.000473246,1
0.000150539,1
0.001073419,1
0.000557483,1
0.000512693,1
0.000897836,1
0.0000565,1
0.000424195,1
0.000216238,1
0.000681262,1
0.001479123,1
0.000601925,1
0.004496245,1
0.000458082,1
0.000836655,1
0.000539985,1
0.007709284,1
0.000375419,1
0.38337335,1
0.019975651,1
0.005886976,1
0.033048518,1
0.026362613,1
0.017910331,1
0.016117536,1
0.004318045,1
0.005452949,1
0.000346159,1
0.001955176,1
0.21795937,1
0.03248919,1
0.005768653,1
0.006326836,1
0.006166277,1
0.04905437,1
0.02106672,1
0.005032008,1
0.6329236,1
0.030663112,1
0.020533111,1
0.015004751,1
0.04335852,1
0.24017467,1
0.2800835,1
0.1989745,1
0.00985333,1
0.507495,1
0.032003555,1
0.006332764,1
0.003601749,1
0.001636896,1
0.00164647,1
0.003079359,1
0.002900552,1
0.014466032,1
0.003363182,1
0.001119532,1
0.42015812,1
0.004467693,1
0.013052749,1
0.001559095,1
0.00241958,1
0.002132185,1
0.001535667,1
0.02658622,1
0.000861258,1
0.013392459,1
0.002401597,1
0.004996502,1
0.021438045,1
0.001235753,1
0.002664528,1
0.003002484,1
0.000286869,1
0.004234226,1
0.002000205,1
0.007706006,1
0.004378585,1
0.11215115,1
0.43108642,1
0.00282341,1
0.002134598,1
0.001913424,1
0.007486418,1
0.002837963,1
0.03609058,1
0.006742888,1
0.004671604,1
0.05137648,1
0.17892121,1
0.26875675,1
0.020239513,1
0.022038963,1
0.006013831,1
0.005843951,1
0.012278543,1
0.00696191,1
0.013836501,1
0.012924694,1
0.003655455,1
0.026802577,1
0.46186024,1
0.005097078,1
0.013070134,1
0.008375002,1
0.012027008,1
0.013359006,1
0.08312591,1
0.03153112,1
0.014988375,1
0.06956847,1
0.004991952,1
0.19782147,1
0.03420389,1
0.002764358,1
0.035286263,1
0.012658064,1
0.002803368,1
0.0019615,1
0.002990877,1
0.003408505,1
0.00793367,1
0.004813257,1
0.011746775,1
0.017513119,1
0.13069636,1
0.003050715,1
0.03780047,1
0.00237431,1
0.06340722,1
0.0748333,1
0.06344152,1
0.07221974,1
0.02988232,1
0.12653413,1
0.82561326,1
0.1460601,1
0.03480489,1
0.010812816,1
0.052931983,1
0.078011736,1
0.034584235,1
0.22430034,1
0.020812005,1
0.005490245,1
0.026873339,1
0.002735493,1
0.018888585,1
0.007158897,1
0.25923035,1
0.099144734,1
0.075760856,1
0.15780781,1
0.09431412,1
0.05630449,1
0.004622731,1
0.003756338,1
0.604716,1
0.41137508,1
0.13858181,1
0.007349752,1
0.007677847,1
0.12265827,1
0.059050683,1
0.095191844,1
0.15126684,1
0.19577846,1
0.15556172,1
0.5911727,1
0.29916334,1
0.016645923,1
0.019115372,1
0.10253577,1
0.001940775,1
0.011897368,1
0.03286689,1
0.109350555,1
0.03522623,1
0.050514854,1
0.008323319,1
0.002844546,1
0.036025513,1
0.18952939,1
0.06809878,1
0.006887817,1
0.003809091,1
0.003499853,1
0.006907939,1
0.21957222,1
0.714097,1
0.10078329,1
0.1541208,1
0.17305396,1
0.7959638,1
0.0215344,1
0.055274706,1
0.04504664,1
0.008663322,1
0.46328625,1
0.00731021,1
0.014699144,1
0.01991049,1
0.014300889,1
0.017832078,1
0.048315205,1
0.040015176,1
0.012298209,1
0.024655983,1
0.061171662,1
0.00731586,1
0.16521719,1
0.2060211,1
0.066423856,1
0.21113344,1
0.043777213,1
0.03779792,1
0.039760817,1
0.6491777,1
0.32505333,1
0.47451293,1
0.2820544,1
0.33974105,1
0.004496694,1
0.74161375,1
0.13923748,1
0.036834486,1
0.11751194,1
0.028659122,1
0.009727593,1
0.024195466,1
0.068586886,1
0.08577986,1
0.013457313,1
0.13462503,1
0.04445921,1
0.15080585,1
0.007433008,1
0.02726611,1
0.04382228,1
0.06095493,1
0.2763763,1
0.22171746,1
0.07895977,1
0.015707463,1
0.06970682,1
0.002485339,1
0.012398851,1
0.02388761,1
0.007739825,1
0.21417056,1
0.02569716,1
0.09256845,1
0.038622912,1
0.02235531,1
0.14101964,1
0.00942437,1
0.042414766,1
0.10620557,1
0.047073554,1
0.03198925,1
0.004518604,1
0.014451329,1
0.08507543,1
0.37450728,1
0.016666189,1
0.03740072,1
0.12083265,1
0.29858103,1
0.019655451,1
0.008870211,1
0.09001328,1
0.039813392,1
0.016735552,1
0.013410565,1
0.006010466,1
0.027473353,1
0.009802933,1
0.06520188,1
0.19433534,1
0.04075416,1
0.1530394,1
0.074249096,1
0.029042123,1
0.008566091,1
0.016128656,1
0.008220957,1
0.005583281,1
0.04403235,1
0.006237354,1
0.007938445,1
0.000520005,1
0.001374971,1
0.000629403,1
0.014698723,1
0.001549656,1
0.00086899,1
0.000614062,1
0.00139526,1
0.00167168,1
0.001546074,1
0.002730575,1
0.004519027,1
0.001450535,1
0.000551012,1
0.01045045,1
0.006239154,1
0.007987152,1
0.002461775,1
0.001032378,1
0.00520549,1
0.002958965,1
0.002165563,1
0.009000664,1
0.11114078,1
0.002281579,1
0.000563385,1
0.018336931,1
0.000560105,1
0.003862866,1
0.014830262,1
0.000745133,1
0.000585716,1
0.004140907,1
0.027640117,1
0.027453521,1
0.003494879,1
0.014139546,1
0.122045055,1
0.14135979,1
0.025223665,1
0.004751716,1
0.002066495,1
0.06399488,1
0.039549436,1
0.006357908,1
0.006330331,1
0.012370599,1
0.01960433,1
0.18199931,1
0.021681806,1
0.032249495,1
0.017813997,1
0.004377882,1
0.002416711,1
0.012066967,1
0.012273664,1
0.014587506,1
0.027999137,1
0.012254816,1
0.037746534,1
0.003510616,1
0.01369405,1
0.033309653,1
0.03480693,1
0.1236316,1
0.008999924,1
0.059342302,1
0.002692452,1
0.000869998,1
0.002182426,1
0.001871629,1
0.002560151,1
0.003146506,1
0.008254741,1
0.010901314,1
0.03221406,1
0.005204218,1
0.001470816,1
0.001261435,1
0.000746738,1
0.002438066,1
0.000817088,1
0.003542917,1
0.000994531,1
0.001616221,1
0.01771726,1
0.00068525,1
0.001325267,1
0.001933621,1
0.00075796,1
0.000901453,1
0.000577385,1
0.000656303,1
0.000522597,1
0.000519675,1
0.00225559,1
0.002094152,1
0.000230017,1
0.001791927,1
0.000700268,1
0.004866466,1
0.00197257,1
0.000769418,1
0.002318736,1
0.003303226,1
0.000999635,1
0.008259212,1
0.06908803,1
0.015348564,1
0.08725775,1
0.054898486,1
0.10174988,1
0.06877943,1
0.019256879,1
0.047969207,1
0.16378151,1
0.09870042,1
0.040344883,1
0.004153269,1
0.037094418,1
0.020837827,1
0.35938746,1
0.0029262,1
0.011267996,1
0.000831889,1
0.000293287,1
0.000519572,1
0.42636502,1
0.004169381,1
0.007418721,1
0.00097848,1
0.003356393,1
0.007840405,1
0.6065892,1
0.000916683,1
0.016988637,1
0.009299556,1
0.015770758,1
0.012809197,1
0.012627172,1
0.016163206,1
0.003061001,1
0.007266134,1
0.11319567,1
0.59619707,1
0.016311435,1
0.03491526,1
0.007659384,1
0.014069446,1
0.06515736,1
0.043700226,1
0.021805825,1
0.018758733,1
0.01649564,1
0.031084245,1
0.008055642,1
0.019184941,1
0.01596488,1
0.1534397,1
0.004751325,1
0.011877669,1
0.5382101,1
0.000843893,1
0.001283574,1
0.002271424,1
0.004467784,1
0.021337796,1
0.04907641,1
0.018691141,1
0.04802612,1
0.002612621,1
0.000525209,1
0.005106345,1
0.010012744,1
0.001043931,1
0.001572188,1
0.003567407,1
0.017950997,1
0.004158152,1
0.001439523,1
0.004322939,1
0.014830068,1
0.000420523,1
0.010886645,1
0.001264734,1
0.02226229,1
0.030727347,1
0.007778188,1
0.005022432,1
0.04673432,1
0.002445847,1
0.053397715,1
0.001597012,1
0.000247215,1
0.004317565,1
0.001225855,1
0.002369769,1
0.005124157,1
0.024785938,1
0.013491218,1
0.001833515,1
0.003794416,1
0.007798905,1
0.009775421,1
0.0000977,1
0.007302733,1
0.02279931,1
0.022278767,1
0.002949037,1
0.009477215,1
0.027344657,1
0.007241575,1
0.001703523,1
0.006171083,1
0.002866296,1
0.000897061,1
0.001938591,1
0.003312281,1
0.00153266,1
0.006015393,1
0.003793248,1
0.002278964,1
0.003691841,1
0.006645971,1
0.0019549,1
0.002371372,1
0.000141247,1
0.005062779,1
0.003512081,1
0.03224495,1
0.007914238,1
0.005208614,1
0.007231551,1
0.00122684,1
0.00182539,1
0.001353497,1
0.001358559,1
0.002560385,1
0.008717629,1
0.011678041,1
0.007381132,1
0.004444475,1
0.002236994,1
0.012311092,1
0.002727981,1
0.01550167,1
0.000354483,1
0.00067433,1
0.005103964,1
0.000368491,1
0.000851507,1
0.001251177,1
0.001775087,1
0.00381989,1
0.000478924,1
0.000787794,1
0.001614856,1
0.000917995,1
0.004574961,1
0.000448193,1
0.001407483,1
0.001407948,1
0.001046837,1
0.019935565,1
0.000985419,1
0.001193834,1
0.0000534,1
0.00490051,1
0.008375605,1
0.000890526,1
0.001924517,1
0.002423461,1
0.00355808,1
0.000489315,1
0.004154948,1
0.000375457,1
0.003539298,1
0.000128123,1
0.004013902,1
0.005993826,1
0.000650068,1
0.000975576,1
0.001529507,1
0.005982859,1
0.003924714,1
0.013841382,1
0.001219824,1
0.002344707,1
0.001826836,1
0.001184719,1
0.001133423,1
0.002709294,1
0.001203992,1
0.00129945,1
0.002701072,1
0.003141129,1
0.001771866,1
0.001325897,1
0.000729586,1
0.000433509,1
0.000938676,1
0.000675959,1
0.0021608,1
0.000766233,1
0.001850035,1
0.002432653,1
0.000803832,1
0.00064318,1
0.001327036,1
0.000988248,1
0.006490963,1
0.002478626,1
0.001880852,1
0.011586905,1
0.004078326,1
0.001988316,1
0.005857958,1
0.002239022,1
0.001137715,1
0.000835426,1
0.000910905,1
0.002563267,1
0.001055147,1
0.011272014,1
0.006885534,1
0.001971793,1
0.025494963,1
0.055024404,1
0.004922142,1
0.00469709,1
0.005990805,1
0.0023108,1
0.01589534,1
0.00124229,1
0.009112462,1
0.003622367,1
0.00109048,1
0.003666244,1
0.006946028,1
0.009037739,1
0.00176123,1
0.005186962,1
0.007250236,1
0.000619092,1
0.002381084,1
0.002018024,1
0.001635317,1
0.006163145,1
0.002328937,1
0.008544137,1
0.004702435,1
0.002095786,1
0.010075799,1
0.000983097,1
0.002039919,1
0.004704698,1
0.007718585,1
0.02003907,1
0.005709498,1
0.025316563,1
0.007139881,1
0.00637702,1
0.006366921,1
0.006571429,1
0.005606733,1
0.003638767,1
0.008884333,1
0.002908102,1
0.00720441,1
0.000807881,1
0.009929966,1
0.008227346,1
0.004440383,1
0.012110804,1
0.00473212,1
0.012685364,1
0.0000179,1
0.003045985,1
0.014067879,1
0.024076736,1
0.022552582,1
0.015335388,1
0.023551496,1
0.006219871,1
0.011269208,1
0.000492022,1
0.004222614,1
0.001523787,1
0.003186826,1
0.005858811,1
0.001428693,1
0.015399069,1
0.00204798,1
0.012087874,1
0.002710044,1
0.001891088,1
0.015325555,1
0.001198165,1
0.00565218,1
0.018410103,1
0.002778414,1
0.020753553,1
0.01775327,1
0.0189949,1
0.020785596,1
0.055611778,1
0.003399866,1
0.006650254,1
0.001958152,1
0.004106892,1
0.055450518,1
0.002235145,1
0.001516101,1
0.002055103,1
0.001220509,1
0.007151298,1
0.002655506,1
0.005429775,1
0.005576651,1
0.005024158,1
0.002448915,1
0.013416333,1
0.003730346,1
0.005560185,1
0.006827482,1
0.016961968,1
0.011082911,1
0.001844745,1
0.007192066,1
0.003426869,1
0.01659128,1
0.001910803,1
0.00035936,1
0.002441672,1
0.010885233,1
0.003662264,1
0.015172502,1
0.002733599,1
0.001665015,1
0.016410587,1
0.009466553,1
0.0038095,1
0.009175001,1
0.001144605,1
0.002406899,1
0.006430418,1
0.001509049,1
0.006477995,1
0.001965848,1
0.003281779,1
0.00096561,1
0.003220132,1
0.000740384,1
0.000857575,1
0.050478,1
0.000915884,1
0.001178934,1
0.000181927,1
0.000423585,1
0.001974596,1
0.006855764,1
0.006168922,1
0.011396082,1
0.00213197,1
0.001697495,1
0.000594818,1
0.008316604,1
0.011132759,1
0.002672385,1
0.003356424,1
0.015322303,1
0.011590757,1
0.002837115,1
0.006976578,1
0.005483704,1
0.003924557,1
0.000907492,1
0.018086437,1
0.035259534,1
0.01734135,1
0.00173402,1
0.000573099,1
0.014640043,1
0.001333905,1
0.002666166,1
0.000215717,1
0.002157938,1
0.003389294,1
0.002483636,1
0.03176448,1
0.005815315,1
0.010814388,1
0.021984953,1
0.017949559,1
0.004794075,1
0.034347314,1
0.005475667,1
0.00048114,1
0.009818649,1
0.000804445,1
0.005114074,1
0.009790979,1
0.005302976,1
0.006417474,1
0.00708385,1
0.04628202,1
0.003830687,1
0.0028481,1
0.00299971,1
0.00307777,1
0.023654535,1
0.046364438,1
0.011700881,1
0.002025579,1
0.010594353,1
0.03933613,1
0.01408282,1
0.01116263,1
0.003045331,1
0.009706431,1
0.017958049,1
0.03071246,1
0.011930223,1
0.012852108,1
0.009225033,1
0.007597506,1
0.011730253,1
0.015616188,1
0.007092163,1
0.029531363,1
0.02896279,1
0.014273974,1
0.003190544,1
0.010789664,1
0.00214988,1
0.01631106,1
0.028888764,1
0.004535527,1
0.015673297,1
0.037862103,1
0.007838726,1
0.002414302,1
0.005606516,1
0.00264258,1
0.032607954,1
0.001348358,1
0.008706942,1
0.003829235,1
0.003460275,1
0.013029845,1
0.010558711,1
0.016741753,1
0.011151589,1
0.004608879,1
0.000405238,1
0.004244629,1
0.003289855,1
0.018325726,1
0.013623398,1
0.024201151,1
0.00588984,1
0.019117897,1
0.011130417,1
0.005166807,1
0.02101333,1
0.030168343,1
0.009881143,1
0.002237142,1
0.012105733,1
0.011533057,1
0.002830719,1
0.001681891,1
0.004086422,1
0.00329793,1
0.033415668,1
0.023242781,1
0.00802624,1
0.004355146,1
0.009958765,1
0.001773761,1
0.001310176,1
0.001911019,1
0.002528523,1
0.00935421,1
0.01396733,1
0.029307777,1
0.004904255,1
0.006091456,1
0.022907732,1
0.05984267,1
0.020305125,1
0.00662143,1
0.006265338,1
0.013890192,1
0.001803958,1
0.006926443,1
0.027271202,1
0.014017585,1
0.0000847,1
0.005064679,1
0.002417702,1
0.008252013,1
0.001512795,1
0.000732137,1
0.0000386,1
0.000108555,1
0.005985468,1
0.00000499,1
0.009717581,1
0.011682808,1
0.015601226,1
0.001445347,1
0.00018309,1
0.000130263,1
0.000209839,1
0.002104952,1
0.00140737,1
0.000211775,1
0.00019991,1
0.010104204,1
0.002326569,1
0.002078029,1
0.001694855,1
0.004993603,1
0.007744485,1
0.002701583,1
0.00739258,1
0.01723189,1
0.000174076,1
0.0000338,1
0.0000771,1
0.003206014,1
0.000151097,1
0.00088728,1
0.000322803,1
0.001023831,1
0.012063339,1
0.037430484,1
0.034903213,1
0.011349472,1
0.21429831,1
0.18854076,1
0.10991821,1
0.05923638,1
0.001826185,1
0.001668017,1
0.002752515,1
0.00775496,1
0.20252088,1
0.01083715,1
0.009057343,1
0.022105657,1
0.006441098,1
0.014598566,1
0.016697627,1
0.052521933,1
0.006716435,1
0.0000495,1
0.1454008,1
0.004371752,1
0.1383867,1
0.020342909,1
0.031985775,1
0.040041916,1
0.16433619,1
0.018656375,1
0.002879164,1
0.004361474,1
0.000940604,1
0.005812024,1
0.001005527,1
0.006971641,1
0.001646913,1
0.000744572,1
0.001767611,1
0.013554247,1
0.007568282,1
0.000141228,1
0.34006256,1
0.0333826,1
0.034821592,1
0.02237534,1
0.027679771,1
0.13911732,1
0.07196087,1
0.000107001,1
0.25013584,1
0.003838714,1
0.005457703,1
0.003204935,1
0.008411999,1
0.020996543,1
0.000839384,1
0.00109031,1
0.001560765,1
0.001535939,1
0.000716548,1
0.002335758,1
0.002053533,1
0.00171898,1
0.000958511,1
0.012061048,1
0.014690383,1
0.003686275,1
0.005996529,1
0.001384162,1
0.005435881,1
0.000128767,1
0.002153843,1
0.004286856,1
0.001097251,1
0.00070665,1
0.002069927,1
0.004206606,1
0.000373763,1
0.000414401,1
0.001138357,1
0.003043514,1
0.000924386,1
0.001127082,1
0.000859418,1
0.000735013,1
0.000215444,1
0.00061617,1
0.000395412,1
0.000257188,1
0.001057964,1
0.000209142,1
0.004820183,1
0.000133737,1
0.000837532,1
0.000555808,1
0.000474259,1
0.000639769,1
0.00066887,1
0.001813291,1
0.001164268,1
0.003129891,1
0.00046627,1
0.000565188,1
0.00120046,1
0.001178965,1
0.001632119,1
0.002177528,1
0.001671209,1
0.005186484,1
0.003154831,1
0.000905017,1
0.001008294,1
0.000976667,1
0.002148919,1
0.002163777,1
0.001436271,1
0.000783842,1
0.00188757,1
0.006102129,1
0.00081529,1
0.001059672,1
0.001045753,1
0.001805592,1
0.000868307,1
0.001956618,1
0.00105498,1
0.000292046,1
0.000458241,1
0.003225162,1
0.000460618,1
0.000912749,1
0.001525956,1
0.005142304,1
0.001697726,1
0.047826838,1
0.002901884,1
0.005226097,1
0.000748409,1
0.006125797,1
0.002545108,1
0.002446785,1
0.005823846,1
0.003131034,1
0.002911837,1
0.002484786,1
0.000583497,1
0.000551823,1
0.000859452,1
0.000130545,1
0.000308943,1
0.000460945,1
0.003353042,1
0.00068108,1
0.007613126,1
0.006646229,1
0.000546626,1
0.000186097,1
0.000148699,1
0.002614518,1
0.000558293,1
0.000856942,1
0.000677497,1
0.0000556,1
0.001391155,1
0.001242093,1
0.001022026,1
0.000227112,1
0.000155801,1
0.000242019,1
0.002346424,1
0.001466543,1
0.003087677,1
0.001193914,1
0.006729172,1
0.001546018,1
0.00703024,1
0.001535784,1
0.007695655,1
0.045817863,1
0.004179568,1
0.019357806,1
0.000522963,1
0.05541432,1
0.003892611,1
0.022745378,1
0.008789804,1
0.01082099,1
0.01199072,1
0.002894301,1
0.001298715,1
0.01684204,1
0.000375215,1
0.000954433,1
0.002109955,1
0.000385623,1
0.000620657,1
0.000753259,1
0.001346743,1
0.002913411,1
0.001953444,1
0.006149885,1
0.002258823,1
0.000308691,1
0.000534882,1
0.000477998,1
0.008980022,1
0.003645521,1
0.012528846,1
0.000662835,1
0.001742435,1
0.33144936,1
0.09109388,1
0.009382271,1
0.0462182,1
0.005755785,1
0.39546165,1
0.003117924,1
0.005415148,1
0.010592374,1
0.002367266,1
0.004640456,1
0.004075443,1
0.002438508,1
0.001419169,1
0.003211277,1
0.006047238,1
0.024744274,1
0.000191363,1
0.016498208,1
0.003031313,1
0.001269927,1
0.006339414,1
0.006892708,1
0.01731969,1
0.016750889,1
0.00932407,1
0.011980764,1
0.001465891,1
0.001846096,1
0.012400229,1
0.002301652,1
0.010112696,1
0.004322898,1
0.02338036,1
0.00815048,1
0.006780838,1
0.022565803,1
0.004148375,1
0.01110494,1
0.000413265,1
0.0126226,1
0.003723366,1
0.00339484,1
0.000665374,1
0.000724321,1
0.000986865,1
0.00099154,1
0.001246045,1
0.001624047,1
0.002693604,1
0.000171604,1
0.00289365,1
0.002859317,1
0.001434981,1
0.000538286,1
0.001041539,1
0.000832388,1
0.0018412,1
0.000969056,1
0.000887445,1
0.000574686,1
0.000661438,1
0.001817043,1
0.000915539,1
0.002793439,1
0.000440322,1
0.005276749,1
0.003599732,1
0.001319089,1
0.001132331,1
0.000142458,1
0.001400686,1
0.003224228,1
0.00158677,1
0.000676442,1
0.001690602,1
0.001421859,1
0.004770033,1
0.00909519,1
0.002141223,1
0.002172832,1
0.00028851,1
0.0000697,1
0.00068423,1
0.000264877,1
0.000421515,1
0.000163839,1
0.000562268,1
0.00021773,1
0.000367319,1
0.000543454,1
0.000760902,1
0.000584854,1
0.001632596,1
0.004272088,1
0.0000293,1
0.0000381,1
0.000466845,1
0.000408225,1
0.0000736,1
0.000569432,1
0.000688888,1
0.000268366,1
0.000110161,1
0.000176891,1
0.0000701,1
0.000605137,1
0.000226323,1
0.000325652,1
0.000222441,1
0.000354236,1
0.000444701,1
0.0000972,1
0.0000746,1
0.000100186,1
0.0000606,1
0.0000777,1
0.0000856,1
0.000667589,1
0.000692849,1
0.000100699,1
0.000497584,1
0.000106994,1
0.000342217,1
0.000657522,1
0.000796459,1
0.000306669,1
0.00019885,1
0.002654831,1
0.000437675,1
0.000231123,1
0.000493347,1
0.000097,1
0.001171488,1
0.000339776,1
0.000232408,1
0.004595019,1
0.015103927,1
0.000653391,1
0.001179885,1
0.001459781,1
0.000864689,1
0.000093,1
0.0000717,1
0.000624504,1
0.000224307,1
0.00046782,1
0.000542502,1
0.000177148,1
0.0000933,1
0.000786848,1
0.00014697,1
0.001079186,1
0.001110305,1
0.000213502,1
0.000346458,1
0.000151955,1
0.000124956,1
0.000235198,1
0.000252189,1
0.000245464,1
0.000352083,1
0.001191926,1
0.001988756,1
0.000394478,1
0.000429053,1
0.000392476,1
0.000455712,1
0.000650891,1
0.001136461,1
0.000714734,1
0.000117745,1
0.000422805,1
0.000277689,1
0.0007953,1
0.0000626,1
0.000148642,1
0.000151471,1
0.000146477,1
0.000202193,1
0.000597606,1
0.000993645,1
0.00214914,1
0.000417353,1
0.000137523,1
0.001867635,1
0.000241103,1
0.00056776,1
0.005899928,1
0.001093759,1
0.008916236,1
0.002238565,1
0.000486142,1
0.000107803,1
0.000437238,1
0.000421,1
0.001185194,1
0.000187029,1
0.0000301,1
0.000196743,1
0.0000564,1
0.000333762,1
0.000905682,1
0.000789878,1
0.006834413,1
0.001306271,1
0.003755824,1
0.000410229,1
0.001563333,1
0.000310288,1
0.000242541,1
0.000839988,1
0.000762112,1
0.000730378,1
0.000237826,1
0.0000405,1
0.000921626,1
0.001129553,1
0.000679915,1
0.00036673,1
0.000505904,1
0.001641102,1
0.00178499,1
0.000409365,1
0.001182434,1
0.00078359,1
0.000497344,1
0.000208562,1
0.000509144,1
0.000537104,1
0.001356235,1
0.00278513,1
0.001601158,1
0.002935882,1
0.000318642,1
0.000277789,1
0.000795292,1
0.0000209,1
0.001507027,1
0.003586727,1
0.000424119,1
0.003066385,1
0.000733766,1
0.002987998,1
0.004813246,1
0.0026348,1
0.003812215,1
0.004392311,1
0.003687086,1
0.00095713,1
0.001871718,1
0.001065471,1
0.001952233,1
0.002845169,1
0.033480402,1
0.001940499,1
0.000820233,1
0.002744084,1
0.002892471,1
0.002530127,1
0.003525212,1
0.009086012,1
0.02335836,1
0.0000927,1
0.0000129,1
0.00000259,1
0.0000506,1
0.0000106,1
0.0000757,1
0.00000493,1
0.00000575,1
0.00000623,1
0.000018,1
0.000009,1
0.00000983,1
0.00000752,1
0.0000109,1
0.0000209,1
0.00000795,1
0.0000318,1
0.000113317,1
0.000133868,1
0.0000189,1
0.000022,1
0.000290508,1
0.0000441,1
0.000212302,1
0.00006,1
0.000169804,1
0.00000556,1
0.0000171,1
0.000220173,1
0.000121056,1
0.0000911,1
0.0000195,1
0.0000496,1
0.0000673,1
0.0000078,1
0.000016,1
0.000067,1
0.00000406,1
0.0000327,1
0.0000371,1
0.00000216,1
0.0000333,1
0.0000667,1
0.0000257,1
0.000219016,1
0.0000419,1
0.0000188,1
0.0000108,1
0.00000125,1
0.0000193,1
0.0000918,1
0.0000217,1
0.000101084,1
0.00000535,1
0.00000736,1
0.0000886,1
0.000113079,1
0.0000317,1
0.0000191,1
0.00000898,1
0.0000672,1
0.000434761,1
0.0000375,1
0.000035,1
0.0000923,1
0.0000536,1
0.0000419,1
0.0000568,1
0.0000997,1
0.0000176,1
0.000130342,1
0.00000199,1
0.000178766,1
0.000749094,1
0.000100705,1
0.000191462,1
0.00000498,1
0.00000408,1
0.006081472,1
0.000534454,1
0.003147951,1
0.0000216,1
0.017284077,1
0.2184794,1
0.018631998,1
0.4847878,1
0.18486398,1
0.0000117,1
0.0000111,1
0.0000294,1
0.0000276,1
0.0000107,1
0.000279032,1
0.0000273,1
0.0000165,1
0.00000981,1
0.0000166,1
0.0000985,1
0.0000109,1
0.00000558,1
0.000033,1
0.0000725,1
0.0000525,1
0.00000347,1
0.000781678,1
0.00000881,1
0.00000235,1
0.0000141,1
0.0000309,1
0.000254199,1
0.0000159,1
0.0000229,1
0.000101289,1
0.0000675,1
0.000000967,1
0.000421211,1
0.0000285,1
0.000236402,1
