0.9532262,0
0.98573446,0
0.17052713,0
0.33502862,0
0.09072986,0
0.54499674,0
0.9999839,0
0.9999738,0
0.9462066,0
0.004094631,0
0.9987565,0
0.9987489,0
0.9839451,0
0.9995326,0
0.99919933,0
0.9643913,0
0.99943596,0
0.99943084,0
0.97533745,0
0.9952441,0
0.001536351,0
0.1354632,0
0.03633708,0
0.8973951,0
0.7976115,0
0.12363215,0
0.999889,0
0.24171017,0
0.04911407,0
0.48417982,0
0.13153787,0
0.9999931,0
0.005170791,0
0.99893194,0
0.9996816,0
0.76733905,0
0.004199206,0
0.99776006,0
0.9967146,0
0.9999887,0
0.9868346,0
0.985402,0
0.99999464,0
0.9065864,0
0.99884677,0
0.99985945,0
0.8311505,0
0.47838837,0
0.9859013,0
0.01380029,0
0.9999999,0
0.002656723,0
0.3245937,0
0.06675713,0
0.38779667,0
0.99978226,0
0.96596843,0
0.038124394,0
0.9703781,0
0.99976915,0
0.9998,0
0.94791704,0
0.8139859,0
0.051386703,0
0.9557176,0
0.006384953,0
0.8479105,0
0.6809154,0
0.9970203,0
0.19131988,0
0.011973321,0
0.019597696,0
0.29354087,0
0.000545415,0
0.998596,0
0.93820024,0
0.8721371,0
0.077796526,0
0.07639924,0
0.106887564,0
0.015167068,0
0.1440787,0
0.01243958,0
0.6514347,0
0.916412,0
0.5780887,0
0.22161369,0
0.027483318,0
0.13686553,0
0.2577828,0
0.1879419,0
0.00576218,0
0.00722828,0
0.1830998,0
0.9987721,0
0.9845189,0
0.85008854,0
0.99961877,0
0.9218604,0
0.9616082,0
0.99502987,0
0.9458956,0
0.97900987,0
0.007812174,0
0.9976145,0
0.85685474,0
0.9856053,0
0.98636496,0
0.88152134,0
0.99976736,0
0.99250925,0
0.99035794,0
0.9597482,0
0.99595815,0
0.9995216,0
0.9986386,0
0.987827,0
0.99997246,0
0.43767768,0
0.52476996,0
0.9970487,0
0.8206337,0
0.98711944,0
0.9918041,0
0.7246958,0
0.36814877,0
0.9995766,0
0.82519644,0
0.99959975,0
0.96507293,0
0.9484448,0
0.83611166,0
0.9983707,0
0.9380598,0
0.9998379,0
0.970294,0
0.8546488,0
0.99524456,0
0.9548579,0
0.73581,0
0.31334737,0
0.99925894,0
0.9999633,0
0.91455036,0
0.9934493,0
0.517846,0
0.95584136,0
0.99892586,0
0.006694214,0
0.9993375,0
0.95218945,0
0.035442926,0
0.95199686,0
0.004761914,0
0.99959856,0
0.9982487,0
0.99589324,0
0.9029539,0
0.9648703,0
0.003487366,0
0.79934365,0
0.97606647,0
0.4285647,0
0.9849996,0
0.9939903,0
0.9989103,0
0.99907136,0
0.6779374,0
0.99946195,0
0.99963975,0
0.9998073,0
0.99954,0
0.6702923,0
0.001161276,0
0.005551628,0
0.83126205,0
0.9966197,0
0.99997985,0
0.013438397,0
0.98866963,0
0.9701376,0
0.98172635,0
0.9977859,0
0.99997365,0
0.98611915,0
0.99968946,0
0.9960562,0
0.9413406,0
0.9916529,0
0.8989149,0
0.98879623,0
0.99657273,0
0.9981673,0
0.7953927,0
0.99692196,0
0.9997609,0
0.9808703,0
0.9989324,0
0.97102994,0
0.9993988,0
0.9874494,0
0.99965465,0
0.9994925,0
0.9998585,0
0.99949527,0
0.9978921,0
0.9996568,0
0.8949656,0
0.9912437,0
0.9979899,0
0.9982315,0
0.98670703,0
0.9410174,0
0.58650285,0
0.9953054,0
0.99972504,0
0.9993273,0
0.9988574,0
0.9996742,0
0.99991345,0
0.99991786,0
0.9989642,0
0.9998536,0
0.41547397,0
0.99784136,0
0.91230786,0
0.9999223,0
0.9997068,0
0.09984882,0
0.9993185,0
0.9998085,0
0.99995244,0
0.99945,0
0.99571425,0
0.9994916,0
0.9958489,0
0.9953549,0
0.8887403,0
0.9982162,0
0.9950773,0
0.99886864,0
0.9998864,0
0.9957243,0
0.9991974,0
0.869773,0
0.98874784,0
0.9996635,0
0.9941602,0
0.9884863,0
0.9995647,0
0.9543862,0
0.99952984,0
0.8141912,0
0.98843807,0
0.99989367,0
0.99968886,0
0.99997294,0
0.98833966,0
0.96290714,0
0.0000907,0
0.9999589,0
0.999915,0
0.98297256,0
0.99692106,0
0.9989951,0
0.99826837,0
0.99841714,0
0.99812144,0
0.99606544,0
0.99479455,0
0.99976045,0
0.7607695,0
0.9939931,0
0.9992384,0
0.94973314,0
0.9904,0
0.99986756,0
0.9961069,0
0.9997348,0
0.9656484,0
0.9998005,0
0.99942976,0
0.9995906,0
0.99998176,0
0.9647879,0
0.99999785,0
0.9713518,0
0.014468282,0
0.9936824,0
0.9999883,0
0.99796045,0
0.9942174,0
0.89840966,0
0.22953351,0
0.9904969,0
0.9727557,0
0.99544144,0
0.9039385,0
0.99998283,0
0.99849916,0
0.99999475,0
0.9982493,0
0.9880022,0
0.9999665,0
0.7618906,0
0.07963127,0
0.9976445,0
0.012634761,0
0.8487402,0
0.006208934,0
0.003943612,0
0.998816,0
0.10753742,0
0.05144352,0
0.6061054,0
0.9998493,0
0.9977114,0
0.9952141,0
0.005597686,0
0.050042097,0
0.99783653,0
0.66833425,0
0.9934695,0
0.6767443,0
0.004718329,0
0.99415237,0
0.011577646,0
0.99356836,0
0.50265974,0
0.9928625,0
0.99948776,0
0.21393019,0
0.969709,0
0.96121466,0
0.9931039,0
0.5148728,0
0.4923073,0
0.9999989,0
0.46660498,0
0.086054765,0
0.5137477,0
0.6163992,0
0.99318963,0
0.42924133,0
0.048847474,0
0.98707426,0
0.003380209,0
0.9995258,0
0.10206581,0
0.9998004,0
0.9999988,0
0.17271227,0
0.3268999,0
0.9265299,0
0.94925874,0
0.99155277,0
0.23787071,0
0.99895835,0
0.9887539,0
0.32443905,0
0.8667157,0
0.98706067,0
0.005044907,0
0.96543515,0
0.11443274,0
0.9994911,0
0.24737504,0
0.4429638,0
0.29940447,0
0.9999572,0
0.022721548,0
0.999777,0
0.19386798,0
0.9810141,0
0.99999785,0
0.99358964,0
0.9999826,0
0.21807711,0
0.045301363,0
0.9889059,0
0.99858654,0
0.9991147,0
0.9988832,0
0.21870902,0
0.96377665,0
0.043503705,0
0.9998729,0
0.9999889,0
0.9999256,0
0.9996339,0
0.99955946,0
0.2505242,0
0.7229975,0
0.8809778,0
0.9996741,0
0.99954885,0
0.9999856,0
0.9946912,0
0.99874496,0
0.5084621,0
0.87129205,0
0.980891,0
0.920417,0
0.99727875,0
0.995053,0
0.20635161,0
0.007985729,0
0.76170516,0
0.8625402,0
0.9997876,0
0.9999726,0
0.9999826,0
0.9999826,0
0.93334156,0
0.99998987,0
0.99249095,0
0.92666274,0
0.014850221,0
0.7892429,0
0.99910873,0
0.99997544,0
0.10796611,0
0.92091393,0
0.99771273,0
0.1851049,0
0.9966634,0
0.932552,0
0.9986286,0
0.9999918,0
0.7924471,0
0.95383155,0
0.9999459,0
0.98975104,0
0.99126774,0
0.999998,0
0.99984324,0
0.8394569,0
0.9997578,0
0.9829336,0
0.999635,0
0.9963643,0
0.99998116,0
0.999928,0
0.9995658,0
0.9428357,0
0.9999449,0
0.062890664,0
0.88483644,0
0.99973625,0
0.99996305,0
0.99998474,0
0.99501,0
0.999424,0
0.99955434,0
0.99735343,0
0.9300549,0
0.99963284,0
0.96668476,0
0.99780065,0
0.99999905,0
0.18896377,0
0.96374464,0
0.8421556,0
0.72709274,0
0.25567386,0
0.3273142,0
0.9151481,0
0.94364697,0
0.88214594,0
0.39798343,0
0.48604694,0
0.49802127,0
0.99974436,0
0.9999522,0
0.9692308,0
0.99996734,0
0.99806017,0
0.9998876,0
0.9994068,0
0.92138827,0
0.99766195,0
0.9971836,0
0.9948112,0
0.99991775,0
0.96702576,0
0.99996996,0
0.8131246,0
0.9992066,0
0.9920123,0
0.846396,0
0.9527689,0
0.99384415,0
0.929061,0
0.999553,0
0.8272309,0
0.74075276,0
0.99528414,0
0.85954785,0
0.99993396,0
0.39645582,0
0.9869713,0
0.99785054,0
0.93395746,0
0.14560045,0
0.9035899,0
0.16834338,0
0.8589373,0
0.98401135,0
0.88339645,0
0.067684196,0
0.9998166,0
0.99555486,0
0.8900967,0
0.99606484,0
0.9997973,0
0.9987287,0
0.89940315,0
0.99998355,0
0.99792516,0
0.999998,0
0.9996344,0
0.99475807,0
0.99867094,0
0.99853873,0
0.9992415,0
0.9310548,0
0.9931564,0
0.9999039,0
0.99984586,0
0.99918586,0
0.9997569,0
0.999961,0
0.9993074,0
0.9990564,0
0.99993324,0
0.9999877,0
0.9600162,0
0.9922197,0
0.9991234,0
0.99494153,0
0.9976398,0
0.9901944,0
0.9510061,0
0.99999344,0
0.997292,0
0.99990153,0
0.9986676,0
0.9998591,0
0.9999851,0
0.98244375,0
0.9998733,0
0.99999595,0
0.99995685,0
0.9999802,0
0.9999877,0
0.9999981,0
0.9999919,0
0.9998896,0
0.9924809,0
0.99999595,0
0.9999633,0
0.99964535,0
0.9999175,0
0.9999995,0
0.9997795,0
0.9861718,0
0.9986773,0
0.9999666,0
0.9976546,0
0.99925524,0
0.99996793,0
0.98647505,0
0.8446056,0
0.9837428,0
0.9970504,0
0.99712414,0
0.99973255,0
0.99983025,0
0.99993837,0
0.9999924,0
0.99963236,0
0.9980019,0
0.999814,0
0.9998795,0
0.99979264,0
0.99993265,0
0.99928325,0
0.9768833,0
0.99735886,0
0.99999845,0
0.99999046,0
0.99880767,0
0.9999256,0
0.99994934,0
0.9953467,0
0.99982303,0
0.99996686,0
0.99977416,0
0.9969969,0
0.97535974,0
0.99969923,0
0.9999902,0
0.9992261,0
0.9991393,0
0.99996185,0
0.99985385,0
0.9998553,0
0.99994063,0
0.9930841,0
0.99992895,0
0.99965346,0
0.9999254,0
0.99998295,0
0.99987316,0
0.99999714,0
0.7770262,0
0.97951996,0
0.9987789,0
0.99998856,0
0.9999579,0
0.9999939,0
0.99993217,0
0.9999933,0
0.99999535,0
0.9999883,0
0.9999981,0
0.99999845,0
0.9998864,0
0.9999987,0
0.99998474,0
0.99999785,0
0.99999917,0
0.99997497,0
0.9999707,0
0.9999999,0
0.9999839,0
0.9999956,0
0.99999166,0
0.99999416,0
0.99999654,0
0.9994103,0
0.9999604,0
0.9995753,0
0.9998851,0
0.999703,0
0.9939926,0
0.99999976,0
0.9999994,0
0.9999516,0
0.99998355,0
0.999995,0
0.9999999,0
0.996494,0
0.99996316,0
0.99999976,0
0.9998745,0
0.9999999,0
0.9999951,0
0.9999752,0
0.9999987,0
0.9999658,0
0.9999962,0
0.9999478,0
0.9974999,0
0.9999964,0
0.9998318,0
0.99999976,0
0.999995,0
0.99941313,0
0.9996586,0
0.99895775,0
0.99998486,0
0.9999987,0
0.9999975,0
0.99999547,0
0.98115885,0
0.99950397,0
0.9999918,0
0.9995709,0
0.9998994,0
0.9999951,0
0.99999285,0
0.9999989,0
0.9999999,0
0.99977094,0
0.99998844,0
0.99996734,0
0.99998987,0
0.9999974,0
0.99993646,0
0.9999578,0
0.9963934,0
0.9999703,0
0.99999857,0
0.9890287,0
0.99999833,0
0.9999999,0
0.99999976,0
0.99999917,0
0.99970454,0
0.9994129,0
0.99643636,0
0.99999714,0
0.9899513,0
0.9999832,0
0.9999528,0
0.9999453,0
0.99994266,0
0.9999999,0
1,0
1,0
0.99999964,0
0.9999982,0
0.9999989,0
0.99933016,0
0.9999976,0
0.99996483,0
0.9936008,0
1,0
0.99999714,0
1,0
0.999984,0
0.99999607,0
0.9949757,0
0.9999999,0
0.9999999,0
0.99986815,0
0.99880576,0
0.9998215,0
0.9998995,0
0.99999464,0
0.999998,0
0.99999905,0
0.999895,0
0.9999987,0
0.9999999,0
0.99923956,0
1,0
0.9999993,0
0.9999887,0
0.9999958,0
0.9999995,0
0.99968135,0
0.9999552,0
0.9999119,0
1,0
0.693706,0
0.9999908,0
0.9999114,0
0.9999995,0
0.99999964,0
0.99996233,0
0.552399,0
0.99961853,0
0.98464715,0
0.9999863,0
0.9275872,0
0.9989612,0
0.99981564,0
0.99999714,0
0.05203391,0
1,0
0.99927324,0
0.9999013,0
0.9999987,0
0.99999154,0
0.99995244,0
1,0
0.99353313,0
0.9984836,0
0.99999344,0
0.9998293,0
1,0
0.99998546,0
0.9996779,0
0.9999895,0
0.969192,0
0.9979971,0
1,0
0.9999999,0
0.98943233,0
0.98638344,0
0.99991834,0
0.04692725,0
0.9959496,0
0.99996936,0
0.9996031,0
0.9999168,0
0.998934,0
0.99789774,0
0.99992776,0
0.9968362,0
0.9954411,0
0.99981254,0
0.99997663,0
0.8193454,0
0.9349716,0
0.7232013,0
0.9994765,0
0.9739381,0
0.975958,0
0.9997781,0
0.9998486,0
0.9999578,0
0.99992657,0
0.99396545,0
0.9494084,0
0.9998217,0
0.9982514,0
0.9996043,0
0.99138486,0
0.99999976,0
0.9999677,0
0.9999777,0
0.9974814,0
0.9903998,0
0.99245316,0
0.99889576,0
0.99588937,0
0.9918588,0
0.72661495,0
0.9367204,0
0.5452148,0
0.5714544,0
0.9999918,0
0.9979672,0
0.97717243,0
0.93742234,0
0.9996731,0
0.9987005,0
0.9998344,0
0.84329516,0
0.99999976,0
0.9999975,0
0.9984102,0
0.99998415,0
0.9999999,0
0.999998,0
0.9999862,0
0.9999987,0
0.9995314,0
0.99999833,0
0.9950879,0
0.99999976,0
0.9999993,0
0.9999974,0
0.99990094,0
0.99965024,0
0.99999833,0
0.9999862,0
0.9999999,0
1,0
0.9999802,0
1,0
0.99990964,0
0.9999999,0
0.99999785,0
0.99999976,0
0.99998987,0
0.9996911,0
0.99999976,0
0.9999497,0
1,0
0.9999995,0
1,0
1,0
0.9999999,0
0.9999964,0
0.99996984,0
0.99999976,0
0.9999999,0
0.999992,0
0.99999964,0
0.9999312,0
0.9999964,0
0.99999917,0
0.9999682,0
0.99999845,0
0.99969196,0
0.9999933,0
0.9999999,0
0.9999951,0
1,0
0.9999999,0
0.9999994,0
0.999998,0
1,0
0.9999732,0
1,0
0.9999821,0
0.99999976,0
0.9999509,0
0.9999975,0
0.9998062,0
1,0
0.9999981,0
0.9999999,0
0.9999881,0
0.99999964,0
0.9999864,0
0.99999714,0
0.9999993,0
1,0
0.99999547,0
0.9999995,0
1,0
0.99999845,0
0.99999845,0
1,0
0.99999857,0
1,0
0.9998399,0
1,0
0.99999285,0
0.9999999,0
0.9999976,0
0.99996495,0
0.99999774,0
0.9999974,0
0.9999938,0
1,0
0.99995637,0
0.99999976,0
0.99999964,0
0.9999815,0
0.9998634,0
0.99998987,0
0.9999875,0
1,0
0.9999999,0
1,0
0.9999999,0
1,0
0.99999976,0
1,0
1,0
0.99801445,0
0.99998367,0
0.99999094,0
0.9999982,0
0.9999962,0
0.99999976,0
0.99999833,0
0.9999999,0
0.99199146,0
0.99999416,0
0.9999784,0
0.9999999,0
0.9999939,0
0.9999999,0
0.9999329,0
0.999969,0
0.99999666,0
0.9999913,0
0.9999987,0
0.9999292,0
0.9999993,0
0.946767,0
0.99999976,0
0.9999571,0
0.99999726,0
0.9999907,0
1,0
0.99999297,0
0.9996265,0
1,0
1,0
0.99999154,0
0.9999995,0
0.9999999,0
0.9983999,0
0.9999844,0
0.99983776,0
0.9999964,0
0.999982,0
0.9999502,0
0.99999917,0
0.97380775,0
0.99999964,0
0.99999297,0
0.99999976,0
0.99999833,0
0.9993523,0
0.9999982,0
0.9801775,0
0.99998236,0
0.99981636,0
0.9999974,0
0.9999999,0
0.9999975,0
0.9999989,0
0.99991226,0
0.99999666,0
0.9999999,0
0.9999999,0
0.9999999,0
0.9999999,0
0.99999535,0
0.99999225,0
0.9999993,0
0.9999918,0
0.9999989,0
0.99990225,0
0.99999547,0
0.99999964,0
0.99999714,0
0.9999974,0
0.9999989,0
0.99998426,0
0.005489954,0
1,0
0.9999987,0
0.99994826,0
0.99999833,0
0.99999845,0
0.99999034,0
0.999997,0
0.99999535,0
0.9999747,0
1,0
0.99999833,0
0.9999989,0
0.99999976,0
0.999995,0
0.9999988,0
0.99999905,0
0.9999999,0
0.99999976,0
1,0
0.9999999,0
0.9999995,0
0.99999666,0
0.9999995,0
0.999972,0
1,0
0.9999989,0
0.9999999,0
1,0
0.99999726,0
1,0
0.9999994,0
1,0
1,0
0.9999999,0
1,0
0.9999999,0
1,0
0.9999999,0
0.9999999,0
0.99999964,0
0.99999976,0
0.99999976,0
0.9999981,0
1,0
0.99999154,0
0.9999987,0
0.9999999,0
0.9999938,0
0.99999106,0
1,0
0.9999988,0
1,0
0.9999962,0
1,0
0.99999976,0
0.9999889,0
0.9999999,0
0.92400235,0
1,0
1,0
0.9999999,0
0.99999964,0
0.9999387,0
1,0
0.99999976,0
1,0
1,0
1,0
0.9999964,0
0.9999666,0
1,0
1,0
1,0
1,0
0.9929421,0
0.9966685,0
1,0
0.9999969,0
0.9999999,0
1,0
0.9998721,0
0.99999833,0
0.99999166,0
1,0
0.9999999,0
1,0
0.99980587,0
0.9999999,0
0.99999917,0
0.99999666,0
0.9999994,0
0.9999987,0
0.9999999,0
0.9999995,0
1,0
0.9999962,0
1,0
1,0
1,0
0.99999964,0
0.9999993,0
0.9997713,0
0.99988985,0
0.9999857,0
0.9999603,0
1,0
1,0
1,0
0.9999999,0
1,0
1,0
1,0
1,0
1,0
1,0
0.9999981,0
0.21293126,0
0.9999938,0
0.9937583,0
0.9245298,0
0.9843938,0
0.9998091,0
0.9996195,0
0.9999999,0
0.95605576,0
0.9999517,0
0.9984328,0
0.99940467,0
0.7741202,0
0.9997911,0
0.09897734,0
0.73403364,0
0.99482167,0
0.99996555,0
0.99995494,0
0.9864634,0
0.9998373,0
0.37716508,0
0.99998116,0
0.99805593,0
0.9967681,0
0.99918956,0
0.9976151,0
0.9997322,0
0.9999994,0
0.9527184,0
0.999124,0
0.9731258,0
0.73642576,0
0.9999013,0
0.98139244,0
0.9935488,0
0.9922692,0
0.9902801,0
0.9919017,0
0.99902177,0
0.9996363,0
0.9961804,0
0.9974764,0
0.8916103,0
0.8685466,0
0.9999622,0
0.99994004,0
0.9440946,0
0.9994387,0
0.9992059,0
0.9997155,0
0.9996306,0
0.999699,0
0.9991373,0
0.99993515,0
0.99342585,0
0.9983595,0
0.9979087,0
0.99980396,0
0.9979855,0
0.9447721,0
0.99950397,0
0.9991014,0
0.99998116,0
0.9999448,0
0.99444747,0
0.9994993,0
0.9999951,0
0.9998697,0
0.99629503,0
0.99934477,0
0.99997544,0
0.99557143,0
0.99591583,0
0.99998593,0
0.99963737,0
0.9999516,0
0.9967788,0
0.99988544,0
0.99919087,0
0.99990904,0
0.97154194,0
0.99441874,0
0.998966,0
0.99518377,0
0.5461666,0
0.99620515,0
0.9973283,0
0.99925596,0
0.9990773,0
0.99731404,0
0.99946636,0
0.96643996,0
0.9957943,0
0.99815446,0
0.9066662,0
0.9596597,0
0.995331,0
0.98549217,0
0.99734664,0
0.999549,0
0.999949,0
0.99984014,0
0.9998573,0
0.9999466,0
0.8800336,0
0.99863774,0
0.9986307,0
0.99954575,0
0.99713314,0
0.99995553,0
0.9959561,0
0.8949582,0
0.99908304,0
0.9999354,0
0.9999825,0
0.9999448,0
0.99986064,0
0.9999926,0
0.99956363,0
0.9999999,0
0.9999844,0
0.99884796,0
0.9999989,0
0.9999994,0
0.9999999,0
0.9999821,0
0.99999154,0
0.9999614,0
0.9988086,0
0.9999776,0
0.99611545,0
0.9993069,0
0.9999249,0
0.9988971,0
0.99998045,0
0.9989794,0
0.99999106,0
0.9999207,0
0.9999467,0
0.99999833,0
0.99999833,0
0.9999528,0
0.9999994,0
0.9995616,0
0.9997919,0
1,0
0.99999416,0
0.9998704,0
0.9999447,0
0.9999982,0
0.99311185,0
0.99997437,0
0.99992573,0
0.99999976,0
0.9993918,0
0.9998529,0
0.99139684,0
0.999941,0
0.99993753,0
0.9999802,0
0.999673,0
0.9987167,0
0.9999846,0
0.99945337,0
0.9999223,0
1,0
0.9955896,0
0.99989927,0
0.99964094,0
0.9999341,0
0.9998596,0
0.99998856,0
0.9999825,0
0.99999523,0
0.99901414,0
0.99917537,0
1,0
0.99957055,0
0.999987,0
0.9994475,0
0.99971765,0
0.9999949,0
0.9998729,0
0.99999714,0
0.99997413,0
0.9998165,0
0.99921227,0
0.9997384,0
0.99999833,0
0.9999726,0
0.98622906,0
0.9999995,0
0.9998791,0
0.9999889,0
0.9999726,0
0.9996735,0
0.99998546,0
0.9996425,0
0.9999994,0
0.97624445,0
0.99998236,0
0.9999753,0
0.99943453,0
0.9987897,0
0.99996066,0
0.99999845,0
0.9999995,0
0.9999864,0
0.9980216,0
0.9820018,0
0.9943006,0
0.9089786,0
0.98893344,0
0.42676297,0
0.9461698,0
0.98514175,0
0.794682,0
0.9929557,0
0.7107355,0
0.97090447,0
0.91292465,0
0.95704037,0
0.99312097,0
0.98652947,0
0.9955628,0
0.98710966,0
0.97260034,0
0.8596599,0
0.99771154,0
0.9571834,0
0.9997317,0
0.98776114,0
0.237196,0
0.36280426,0
0.8399479,0
0.18886885,0
0.92641896,0
0.15478379,0
0.98327154,0
0.79155284,0
0.9986727,0
0.85580033,0
0.3087239,0
0.8327012,0
0.78768986,0
0.9925903,0
0.952364,0
0.6212601,0
0.9960522,0
0.99394256,0
0.9471993,0
0.9872105,0
0.63932276,0
0.685923,0
0.41145915,0
0.88230616,0
0.7525831,0
0.9656101,0
0.9800341,0
0.9733373,0
0.34583178,0
0.9919252,0
0.9973431,0
0.75963664,0
0.90186083,0
0.8143782,0
0.46833718,0
0.4927179,0
0.70809036,0
0.85416627,0
0.99644226,0
0.9914409,0
0.9948973,0
0.9942479,0
0.95594746,0
0.9758773,0
0.99932635,0
0.9986051,0
0.9795308,0
0.9648053,0
0.9217484,0
0.9531867,0
0.8229346,0
0.98078406,0
0.9883309,0
0.95139146,0
0.9975169,0
0.98165303,0
0.94615316,0
0.9832653,0
0.99123234,0
0.17961524,0
0.97286856,0
0.88379675,0
0.9742731,0
0.83608735,0
0.98729634,0
0.9876131,0
0.88292867,0
0.21869488,0
0.98614293,0
0.99857795,0
0.99897504,0
0.9982759,0
0.9998247,0
0.99901056,0
0.6642057,0
0.97020435,0
0.99596906,0
0.95067275,0
0.99393034,0
0.9256331,0
0.99640465,0
0.92926353,0
0.9750463,0
0.9980665,0
0.99326986,0
0.99604297,0
0.99964595,0
0.74790955,0
0.9912724,0
0.6980144,0
0.9423921,0
0.22834297,0
0.994936,0
0.2623727,0
0.74689704,0
0.99394375,0
0.91794527,0
0.40890813,0
0.53554475,0
0.99373996,0
0.9586159,0
0.82630354,0
0.9764947,0
0.95472115,0
0.8519918,0
0.7289831,0
0.9359608,0
0.8676747,0
0.77293414,0
0.9256865,0
0.9264015,0
0.82920736,0
0.9601173,0
0.95428467,0
0.6852904,0
0.95196563,0
0.8949028,0
0.9791429,0
0.99989164,0
0.9998994,0
0.87096643,0
0.9998356,0
0.9795139,0
0.96502256,0
0.99775213,0
0.91637146,0
0.99591994,0
0.06373859,0
0.9974523,0
0.9861714,0
0.91159564,0
0.994692,0
0.9960543,0
0.96156746,0
0.89707786,0
0.07529746,0
0.9990901,0
0.8955516,0
0.99960035,0
0.99392843,0
0.99951494,0
0.9674773,0
0.99877316,0
0.9989749,0
0.99872094,0
0.99399006,0
0.9981159,0
0.99904984,0
0.9883614,0
0.9999418,0
0.9154833,0
0.999964,0
0.84594125,0
0.99838066,0
0.093746975,0
0.30806133,0
0.99994254,0
0.99999917,0
0.9994443,0
0.999998,0
0.8460761,0
0.9344244,0
0.9999285,0
0.9627868,0
0.99999,0
0.99824464,0
0.9876152,0
0.9999914,0
0.9984723,0
0.9999883,0
0.68966955,0
0.9999999,0
0.99182606,0
0.8275139,0
0.99983656,0
0.8319984,0
0.9987851,0
0.4724192,0
0.99918264,0
0.43132013,0
0.99998534,0
0.34275138,0
0.9998124,0
1,0
0.99999714,0
0.9999995,0
0.99943525,0
0.9999957,0
0.99978334,0
0.9999994,0
0.99996734,0
0.87397575,0
0.8758193,0
0.9999397,0
0.9837803,0
0.9980519,0
0.9733902,0
0.9951727,0
0.050397143,0
0.99757296,0
0.99281585,0
0.9846576,0
0.9684017,0
0.9995833,0
0.99885833,0
0.046232868,0
0.9911612,0
0.99965906,0
0.91226405,0
0.9994703,0
0.9988017,0
0.9982332,0
0.99955875,0
0.99998784,0
0.99990094,0
0.81110543,0
0.9998572,0
0.46920404,0
0.54771334,0
0.45499483,0
0.9947648,0
0.9999969,0
0.9523574,0
0.9996755,0
0.046415634,0
0.98213875,0
0.99912614,0
0.9991708,0
0.9982957,0
0.99998724,0
0.90938455,0
1,0
0.9236241,0
0.99909437,0
0.9817432,0
0.9319464,0
0.9053781,0
0.8599792,0
0.99973613,0
0.7523951,0
0.9976489,0
0.8829923,0
0.9883901,0
0.90395206,0
0.9985008,0
0.9765697,0
0.9848065,0
0.98780316,0
0.7724187,0
0.4966299,0
0.97430235,0
0.58795685,0
0.98656416,0
0.8562311,0
0.985878,0
0.90422857,0
0.9512495,0
0.8583995,0
0.67242175,0
0.5877009,0
0.98310167,0
0.987425,0
0.9631541,0
0.9888354,0
0.3264911,0
0.90016365,0
0.9888361,0
0.98607594,0
0.3430473,0
0.45287326,0
0.7400515,0
0.040736936,0
0.86423814,0
0.78909427,0
0.7371417,0
0.4151502,0
0.84521174,0
0.7849265,0
0.9520341,0
0.8347015,0
0.9805778,0
0.9933658,0
0.81597275,0
0.99741614,0
0.74300474,0
0.99245024,0
0.9853579,0
0.93660635,0
0.7840555,0
0.98309535,0
0.023971036,0
0.76794237,0
0.05433825,0
0.43785766,0
0.96010035,0
0.293311,0
0.93060684,0
0.92424965,0
0.77023137,0
0.6017222,0
0.50203174,0
0.8840377,0
0.8408396,0
0.9645777,0
0.9040792,0
0.98748386,0
0.83279747,0
0.54314387,0
0.9071327,0
0.51548,0
0.993802,0
0.69838136,0
0.99448943,0
0.9915576,0
0.53027976,0
0.99960786,0
0.9488653,0
0.9433429,0
0.10674682,0
0.4501456,0
0.23148422,0
0.91087997,0
0.6151418,0
0.9971162,0
0.95001715,0
0.99971277,0
0.99199533,0
0.99999845,0
0.9999993,0
0.99933404,0
0.9999323,0
0.9972474,0
0.9999186,0
0.95670485,0
0.9994318,0
0.99969375,0
0.6719544,0
0.9997353,0
0.999819,0
0.604093,0
0.99647754,0
0.052344818,0
0.99952877,0
0.99806863,0
0.9619084,0
0.9954788,0
0.97706985,0
0.99687153,0
0.92434597,0
0.8454587,0
0.99778855,0
0.6001497,0
0.99691606,0
0.6061087,0
0.99995923,0
0.89458495,0
0.97522813,0
0.9961338,0
0.9836684,0
0.99991906,0
0.9967744,0
0.9998246,0
0.9996259,0
0.99989545,0
0.99989414,0
0.99733245,0
0.77827317,0
0.9999666,0
0.5086518,0
0.935211,0
0.99991477,0
0.9924469,0
0.99745685,0
0.9651972,0
0.7153969,0
0.9919099,0
0.99983466,0
0.9948572,0
0.99828523,0
0.99997115,0
0.9986628,0
0.8324828,0
0.04050362,0
0.96447253,0
0.6145956,0
0.99985826,0
0.9933669,0
0.95439726,0
0.98914003,0
0.9829223,0
0.953841,0
0.99940777,0
0.99794024,0
0.9999012,0
0.99992144,0
0.99959403,0
0.9998109,0
0.74338895,0
0.993439,0
0.97635686,0
0.55801326,0
0.9997342,0
0.82596165,0
0.9750038,0
0.9455995,0
0.97688407,0
0.9929274,0
0.06713686,0
0.9991893,0
0.63315254,0
0.86710656,0
0.060397416,0
0.34569758,0
0.07015891,0
0.8353068,0
0.097472645,0
0.9566747,0
0.46141085,0
0.98096704,0
0.7189483,0
0.9999933,0
0.9997272,0
0.99994385,0
0.99999714,0
0.99999285,0
0.99999535,0
0.9999981,0
0.999571,0
0.99958104,0
0.99979085,0
0.99999666,0
0.9999882,0
0.9999976,0
0.99968934,0
0.9994049,0
0.9999207,0
0.99999857,0
0.99970466,0
0.9999789,0
0.99998975,0
0.99950504,0
0.99878794,0
0.999689,0
0.9986613,0
0.93099993,0
0.9999088,0
0.99999976,0
0.99996305,0
0.9978023,0
0.9999248,0
0.9999268,0
0.9999825,0
0.9997894,0
0.9999808,0
0.9999937,0
0.9997154,0
0.9999999,0
0.9995665,0
0.99993634,0
0.9994603,0
0.99854374,0
0.99999726,0
0.99998486,0
0.9999833,0
0.99966335,0
0.9994491,0
0.9999708,0
0.9998884,0
0.99992704,0
0.99993134,0
0.9999994,0
0.9999721,0
0.99995744,0
0.9999938,0
0.9999994,0
0.9997563,0
0.9999312,0
0.99983,0
0.9998586,0
0.99997914,0
0.9999095,0
0.99999845,0
0.99343467,0
0.9999273,0
0.99999964,0
0.99998736,0
0.99937314,0
0.99999833,0
0.99999833,0
0.9999969,0
0.99999976,0
0.99999976,0
0.9997764,0
0.9999852,0
0.99813396,0
0.9999728,0
0.9994524,0
0.9992914,0
0.99980587,0
0.9993125,0
0.99959093,0
0.9999932,0
0.99999106,0
0.99995995,0
0.9996463,0
0.9999784,0
0.9999474,0
0.9999968,0
0.9999982,0
0.99987316,0
0.9987387,0
0.99959105,0
0.9999988,0
0.9999976,0
0.99999917,0
0.99999774,0
0.99976426,0
0.99988925,0
0.9852335,0
0.9931605,0
0.9998938,0
0.99925417,0
0.9996538,0
0.99289024,0
0.96676654,0
0.9985411,0
0.9930101,0
0.99912244,0
0.9999914,0
0.98905855,0
0.9996283,0
0.99952424,0
0.99963534,0
0.99842286,0
0.9998449,0
0.99999654,0
0.997849,0
0.988298,0
0.9999447,0
0.9998129,0
0.99967754,0
0.9997639,0
0.9822441,0
0.99952817,0
0.99186873,0
0.9994318,0
0.99469864,0
0.99866736,0
0.99918526,0
0.98918074,0
0.9657074,0
0.9990445,0
0.9997737,0
0.9998392,0
0.99999726,0
0.99999833,0
0.99999964,0
0.9995732,0
0.99985695,0
0.99999964,0
0.9999721,0
0.9999845,0
0.9951421,0
0.9984877,0
0.9999409,0
0.9999858,0
0.99968815,0
0.99999785,0
0.99980825,0
0.9998851,0
0.99999917,0
0.9999988,0
0.99986804,0
0.999206,0
0.9998727,0
0.99989295,0
0.9999838,0
0.9999362,0
0.99991465,0
0.99993217,0
0.9999491,0
0.99969053,0
0.99964917,0
0.99998987,0
0.987079,0
0.99993765,0
0.9992151,0
0.9999701,0
0.9997458,0
0.99971706,0
0.99998176,0
0.9999567,0
0.99997485,0
0.9999974,0
0.999992,0
0.9997898,0
0.9999887,0
0.99991775,0
0.99835384,0
0.9995459,0
0.99726605,0
0.99994624,0
0.9999864,0
0.999912,0
0.99999726,0
0.9999374,0
0.99998224,0
0.9999479,0
0.99617404,0
0.9997048,0
0.9835054,0
0.9768976,0
0.8289747,0
0.9899483,0
0.99741143,0
0.00011158,1
0.0000177,1
0.0000413,1
0.0000439,1
0.00000747,1
0.00000276,1
0.00000227,1
0.0000103,1
0.0000187,1
0.00000463,1
0.0000262,1
0.00000849,1
0.0000117,1
0.0000298,1
0.00000946,1
0.00000958,1
0.00000673,1
0.000117586,1
0.000150219,1
0.0000479,1
0.0000559,1
0.0000216,1
0.0000419,1
0.0000447,1
0.0000105,1
0.000092,1
0.000238136,1
0.0000636,1
0.000292499,1
0.000323177,1
0.0000739,1
0.0000147,1
0.0000282,1
0.00000987,1
0.0000363,1
0.00000762,1
0.00021223,1
0.000024,1
0.00023657,1
0.00000648,1
0.0000271,1
0.0000428,1
0.0000218,1
0.00000223,1
0.0000358,1
0.0000234,1
0.000016,1
0.0000786,1
0.000125426,1
0.0000544,1
0.0000326,1
0.0000289,1
0.00000939,1
0.00000763,1
0.00000113,1
0.00000573,1
0.00000164,1
0.0000416,1
0.00000237,1
0.00000622,1
0.0000162,1
0.00000452,1
0.0000269,1
0.00000679,1
0.0000391,1
0.0000115,1
0.0000133,1
0.00000557,1
0.00000503,1
0.0000103,1
0.0000131,1
0.0000121,1
0.00000252,1
0.0000307,1
0.00000803,1
0.00000589,1
0.000000924,1
0.00000336,1
0.00000575,1
0.00000368,1
0.000600732,1
0.0000515,1
0.000237384,1
0.0000487,1
0.000011,1
0.00000562,1
0.00000737,1
0.0000184,1
0.00000662,1
0.00000826,1
0.0000727,1
0.0000179,1
0.0000106,1
0.0000028,1
0.00000169,1
0.000000355,1
0.00000166,1
0.00000419,1
0.00000181,1
0.00000817,1
0.0000647,1
0.00000541,1
0.0000116,1
0.0000179,1
0.0000369,1
0.0000026,1
0.0000138,1
0.00000269,1
0.0000223,1
0.0000109,1
0.00000817,1
0.0000229,1
0.00000312,1
0.00000147,1
0.00000285,1
0.00000122,1
0.00000758,1
0.00000703,1
0.00000906,1
0.0000184,1
0.00000509,1
0.00000261,1
0.0000266,1
0.0000137,1
0.0000161,1
0.0000182,1
0.00000504,1
0.0000453,1
0.0000475,1
0.000019,1
0.0000379,1
0.0000124,1
0.00000963,1
0.0000114,1
0.00000604,1
0.00000199,1
0.0000032,1
0.00000734,1
0.0000146,1
0.0000724,1
0.0000054,1
0.00000261,1
0.00000559,1
0.00000501,1
0.00000806,1
0.00000402,1
0.00000703,1
0.00000859,1
0.0000225,1
0.00000639,1
0.0000851,1
0.00000488,1
0.000036,1
0.00000694,1
0.00000798,1
0.0000128,1
0.0000123,1
0.00000215,1
0.0000156,1
0.0000125,1
0.00000321,1
0.0000121,1
0.00000746,1
0.000015,1
0.0000246,1
0.0000256,1
0.00000822,1
0.00000298,1
0.0000115,1
0.0000144,1
0.000140084,1
0.0000601,1
0.0000229,1
0.00000192,1
0.0000525,1
0.00000345,1
0.0000148,1
0.0000209,1
0.0000186,1
0.00000559,1
0.00000427,1
0.0000262,1
0.0000235,1
0.0000228,1
0.0000102,1
0.000064,1
0.0000153,1
0.0000126,1
0.0000125,1
0.0000038,1
0.00000401,1
0.0000227,1
0.0000147,1
0.00000391,1
0.00000211,1
0.0000633,1
0.00000728,1
0.0000656,1
0.0000614,1
0.0000189,1
0.00000621,1
0.0000088,1
0.0000215,1
0.00000844,1
0.0000185,1
0.0000199,1
0.0000237,1
0.0000266,1
0.000254387,1
0.000187768,1
0.0003726,1
0.000298491,1
0.0000317,1
0.001546041,1
0.001934438,1
0.000920865,1
0.0000119,1
0.0000631,1
0.0000177,1
0.0000113,1
0.00000758,1
0.000038,1
0.000003,1
0.0000288,1
0.0000412,1
0.0000129,1
0.000000885,1
0.00000346,1
0.0000363,1
0.0000019,1
0.00000296,1
0.00000901,1
0.00000544,1
0.00000691,1
0.0000242,1
0.00000427,1
0.0000433,1
0.0000114,1
0.0000167,1
0.0000029,1
0.0000671,1
0.00000798,1
0.0000155,1
0.00000903,1
0.00000224,1
0.00000856,1
0.0000109,1
0.00000563,1
0.0000041,1
0.00000603,1
0.0000114,1
0.0000112,1
0.0000646,1
0.0000042,1
0.00000557,1
0.00000614,1
0.0000141,1
0.00000308,1
0.0000106,1
0.0000386,1
0.0000773,1
0.0000472,1
0.000000695,1
0.0000127,1
0.00000267,1
0.0000092,1
0.0000347,1
0.00000372,1
0.0000108,1
0.0000384,1
0.00000307,1
0.0000176,1
0.00000728,1
0.0000224,1
0.00000677,1
0.0000258,1
0.00000879,1
0.0000507,1
0.00000665,1
0.0000681,1
0.0000176,1
0.0000136,1
0.00000895,1
0.0000258,1
0.00017466,1
0.0000523,1
0.0000173,1
0.0000835,1
0.0000212,1
0.0000364,1
0.0000184,1
0.00000837,1
0.0000165,1
0.0000148,1
0.0000375,1
0.0000571,1
0.0000258,1
0.0000619,1
0.0000292,1
0.0000122,1
0.00000852,1
0.0000103,1
0.0000731,1
0.0000216,1
0.00000357,1
0.00000315,1
0.0000398,1
0.0000798,1
0.0000167,1
0.00000422,1
0.00000401,1
0.00000866,1
0.0000249,1
0.000000458,1
0.00000919,1
0.00000525,1
0.00000802,1
0.00000579,1
0.0000054,1
0.0000508,1
0.0000176,1
0.0000198,1
0.00000733,1
0.0000216,1
0.00000139,1
0.00000228,1
0.0000151,1
0.0000693,1
0.0000221,1
0.00000588,1
0.00000518,1
0.0000678,1
0.00000125,1
0.00000291,1
0.00000773,1
0.00000364,1
0.000044,1
0.0000497,1
0.00000545,1
0.00000545,1
0.0000924,1
0.0000455,1
0.000126171,1
0.000259544,1
0.000151163,1
0.0000831,1
0.000195922,1
0.0000866,1
0.0000289,1
0.0000311,1
0.0000748,1
0.000169229,1
0.000045,1
0.000304414,1
0.000771637,1
0.00000628,1
0.00000209,1
0.0000231,1
0.00000108,1
0.00000532,1
0.0000103,1
0.00000579,1
0.0000102,1
0.0000153,1
0.0000111,1
0.0000107,1
0.0000191,1
0.0000156,1
0.0000335,1
0.00000235,1
0.0000484,1
0.0000231,1
0.00000817,1
0.00000995,1
0.00000625,1
0.0000273,1
0.00000564,1
0.00000525,1
0.00000451,1
0.0000191,1
0.00000399,1
0.000152293,1
0.0000624,1
0.00000808,1
0.0000109,1
0.00000458,1
0.0000129,1
0.0000155,1
0.00000977,1
0.0000141,1
0.00000794,1
0.0000168,1
0.00000193,1
0.00000939,1
0.00000709,1
0.00000237,1
0.00000301,1
0.0000336,1
0.0000157,1
0.00000311,1
0.00000146,1
0.0000018,1
0.0000113,1
0.0000029,1
0.00000704,1
0.00000479,1
0.00000872,1
0.0000111,1
0.00000662,1
0.00000688,1
0.0000756,1
0.000321647,1
0.0000369,1
0.0000324,1
0.0000298,1
0.000143725,1
0.0000522,1
0.000159142,1
0.000351253,1
0.000344357,1
0.000502889,1
0.000706006,1
0.000374202,1
0.004122658,1
0.000176018,1
0.0000188,1
0.000139479,1
0.000166523,1
0.000123411,1
0.000188211,1
0.000406157,1
0.000132914,1
0.000686706,1
0.0000944,1
0.000279189,1
0.000264303,1
0.00059431,1
0.000953435,1
0.000461504,1
0.000378102,1
0.000386237,1
0.000294711,1
0.0000266,1
0.000143996,1
0.0000337,1
0.0000226,1
0.00000257,1
0.00000584,1
0.0000414,1
0.0000116,1
0.001052739,1
0.000044,1
0.0000303,1
0.0000153,1
0.00000427,1
0.000314178,1
0.0000217,1
0.0000207,1
0.0000103,1
0.0000492,1
0.000166851,1
0.0000358,1
0.0000532,1
0.0000463,1
0.000136553,1
0.0000218,1
0.0000171,1
0.0000122,1
0.0000191,1
0.0000372,1
0.0000185,1
0.0000236,1
0.00079531,1
0.00000914,1
0.0000267,1
0.0000305,1
0.0000121,1
0.000028,1
0.0000188,1
0.00000879,1
0.00000924,1
0.0000455,1
0.000019,1
0.001059829,1
0.000298893,1
0.0000511,1
0.0000121,1
0.0000573,1
0.000019,1
0.0000268,1
0.00000742,1
0.00000625,1
0.0000193,1
0.0000437,1
0.000872608,1
0.000123666,1
0.0000216,1
0.0000161,1
0.0000171,1
0.00000869,1
0.00000521,1
0.00000205,1
0.0000643,1
0.0000162,1
0.0000626,1
0.000400007,1
0.0000138,1
0.000160201,1
0.0000668,1
0.0000297,1
0.000103456,1
0.0000325,1
0.0000345,1
0.00000711,1
0.0000327,1
0.0000547,1
0.00031478,1
0.001218869,1
0.0000126,1
0.0000387,1
0.0000138,1
0.0000366,1
0.0000582,1
0.0000347,1
0.0000234,1
0.0000184,1
0.0000297,1
0.0000273,1
0.000792536,1
0.0000356,1
0.0000288,1
0.00011833,1
0.0000214,1
0.00000925,1
0.0000502,1
0.0000112,1
0.00000524,1
0.0000533,1
0.0000467,1
0.000152958,1
0.0000386,1
0.0000612,1
0.0000758,1
0.0000434,1
0.0000574,1
0.0000754,1
0.0000618,1
0.0000108,1
0.0000232,1
0.0000268,1
0.003560651,1
0.000131819,1
0.000169082,1
0.0000861,1
0.000109732,1
0.000116979,1
0.000185139,1
0.0000866,1
0.0000803,1
0.0000367,1
0.0000696,1
0.000370908,1
0.00019483,1
0.000634567,1
0.0000652,1
0.000174664,1
0.0000923,1
0.000138059,1
0.0000863,1
0.0000585,1
0.000100483,1
0.000105599,1
0.000340204,1
0.000133287,1
0.0000639,1
0.0000505,1
0.000101983,1
0.000215272,1
0.0000976,1
0.000182208,1
0.0000542,1
0.0000448,1
0.013347247,1
0.0000113,1
0.0000178,1
0.0000495,1
0.00000749,1
0.000154739,1
0.0000511,1
0.000284888,1
0.000391179,1
0.00159088,1
0.000404499,1
0.001038388,1
0.000629892,1
0.000103793,1
0.000353085,1
0.0000594,1
0.0000397,1
0.000148994,1
0.0000136,1
0.001167208,1
0.000171643,1
0.001566506,1
0.0000576,1
0.000114937,1
0.0000214,1
0.0000384,1
0.0000118,1
0.0000531,1
0.0000676,1
0.0000679,1
0.0000192,1
0.0000767,1
0.0000956,1
0.000601169,1
0.000104118,1
0.0000145,1
0.000158376,1
0.0000768,1
0.0000198,1
0.0000211,1
0.00250647,1
0.0000176,1
0.0000335,1
0.0000496,1
0.0000207,1
0.0000656,1
0.0000559,1
0.000021,1
0.0000227,1
0.0000471,1
0.0000394,1
0.0000234,1
0.0000203,1
0.00000853,1
0.000054,1
0.0000488,1
0.0000124,1
0.000095,1
0.0000534,1
0.0000305,1
0.0000201,1
0.000885112,1
0.0000134,1
0.0000531,1
0.00002,1
0.0000633,1
0.0000259,1
0.0000146,1
0.0000386,1
0.00000854,1
0.0000113,1
0.0000122,1
0.0000132,1
0.0000452,1
0.000284615,1
0.000221893,1
0.0000217,1
0.000672576,1
0.000313308,1
0.0000515,1
0.0000424,1
0.000122737,1
0.0000304,1
0.0000213,1
0.0000687,1
0.0000513,1
0.0000224,1
0.0000454,1
0.000488858,1
0.000247611,1
0.0000391,1
0.0000149,1
0.00000468,1
0.00000732,1
0.00000885,1
0.000117953,1
0.0000506,1
0.000119961,1
0.000251483,1
0.000129672,1
0.000186276,1
0.000228266,1
0.000144269,1
0.000114951,1
0.0000158,1
0.0000626,1
0.000129117,1
0.0000596,1
0.000169962,1
0.0000944,1
0.0000904,1
0.0000834,1
0.000108289,1
0.00048834,1
0.000198984,1
0.0000737,1
0.000249718,1
0.000500576,1
0.000711097,1
0.000187156,1
0.000538192,1
0.0000642,1
0.000171464,1
0.0000484,1
0.000197835,1
0.000811978,1
0.000316327,1
0.000126358,1
0.000252637,1
0.000383836,1
0.0000675,1
0.0000233,1
0.0000735,1
0.0000155,1
0.0000507,1
0.000394602,1
0.0000886,1
0.0000199,1
0.000401897,1
0.0000473,1
0.000142052,1
0.000544575,1
0.0000718,1
0.0000187,1
0.00020584,1
0.0000111,1
0.0000125,1
0.00000437,1
0.0000668,1
0.000290114,1
0.000136685,1
0.0000829,1
0.0000118,1
0.0000424,1
0.0000294,1
0.00013035,1
0.00000942,1
0.00000873,1
0.0000516,1
0.00000389,1
0.000032,1
0.00000716,1
0.0000267,1
0.000116291,1
0.0000606,1
0.0001269,1
0.00000792,1
0.0000226,1
0.00014993,1
0.0000631,1
0.0000576,1
0.000055,1
0.0000765,1
0.000396537,1
0.000142701,1
0.000145941,1
0.000149497,1
0.0000757,1
0.0000862,1
0.000027,1
0.0000334,1
0.000251444,1
0.0000412,1
0.000053,1
0.000057,1
0.0000242,1
0.000277175,1
0.0000479,1
0.000175707,1
0.0000962,1
0.0000448,1
0.0000138,1
0.0000175,1
0.0000149,1
0.0000214,1
0.000034,1
0.0000416,1
0.0000274,1
0.000270599,1
0.000147691,1
0.000106099,1
0.0000224,1
0.0000662,1
0.0000281,1
0.0000459,1
0.0000239,1
0.000126446,1
0.00000476,1
0.001523126,1
0.0000319,1
0.000051,1
0.000157428,1
0.0002665,1
0.0000347,1
0.0001094,1
0.0000399,1
0.000107875,1
0.0000163,1
0.0000758,1
0.001010646,1
0.002066507,1
0.000155927,1
0.000189041,1
0.000045,1
0.0000953,1
0.000233092,1
0.000557155,1
0.000061,1
0.000628729,1
0.0000633,1
0.0000948,1
0.0000887,1
0.000203448,1
0.0000711,1
0.00039857,1
0.0000504,1
0.0000289,1
0.0000264,1
0.0000644,1
0.0000265,1
0.0000289,1
0.0000958,1
0.000122727,1
0.000065,1
0.0000759,1
0.000207061,1
0.00129583,1
0.000261414,1
0.000506664,1
0.000924861,1
0.000160356,1
0.0000643,1
0.000343711,1
0.00011322,1
0.0000871,1
0.0000136,1
0.0000366,1
0.000349633,1
0.000184156,1
0.0000685,1
0.0000178,1
0.0000405,1
0.000161342,1
0.000000206,1
0.00000756,1
0.000127236,1
0.0000603,1
0.0000665,1
0.000114876,1
0.000147981,1
0.000541264,1
0.000403696,1
0.00002,1
0.000210607,1
0.0000042,1
0.00000666,1
0.00000405,1
0.0000213,1
0.0000546,1
0.0000107,1
0.0000239,1
0.0000192,1
0.0000194,1
0.000000308,1
0.000138376,1
0.0000735,1
0.0000441,1
0.0000247,1
0.0000354,1
0.0000153,1
0.0000179,1
0.0000026,1
0.0000352,1
0.00000352,1
0.000000267,1
0.0000022,1
0.000000593,1
0.000000555,1
0.00000154,1
0.000000135,1
0.000000828,1
0.000000898,1
0.00000142,1
0.00000357,1
7.43E-08,1
0.000000143,1
0.00000168,1
0.000000545,1
0.000000731,1
0.000000813,1
0.00000214,1
0.00000275,1
0.000000906,1
0.00000533,1
0.0000015,1
0.000000256,1
0.000000233,1
0.000000681,1
0.000000317,1
0.00000551,1
0.00000224,1
0.00000052,1
0.00000208,1
0.000000262,1
0.0000015,1
0.0000021,1
0.000000984,1
0.000000093,1
0.00000713,1
9.57E-08,1
0.000000428,1
0.000000343,1
0.000000501,1
0.00000258,1
0.000000988,1
0.00000146,1
0.00000475,1
0.00000202,1
0.0000913,1
0.000000241,1
0.000000398,1
0.000002,1
0.00000948,1
0.000000827,1
0.00000386,1
0.0000759,1
0.00000682,1
0.000000412,1
0.00000028,1
0.000000683,1
0.00000254,1
0.000000378,1
0.000000768,1
0.00000305,1
0.00000604,1
0.0000412,1
0.00000144,1
0.00000143,1
0.00000261,1
0.0000173,1
0.00000191,1
0.00000457,1
0.003664899,1
0.00000895,1
0.000000371,1
0.000000463,1
0.000000106,1
0.000000624,1
0.00000086,1
0.000000599,1
0.00000187,1
0.00000149,1
0.00000379,1
0.00000203,1
0.000000506,1
0.00000118,1
0.00000241,1
0.000000305,1
0.00000223,1
0.000446801,1
0.000000433,1
0.00000014,1
0.000000214,1
0.000000174,1
0.000000092,1
0.00000495,1
0.0000144,1
0.000000102,1
0.000000107,1
0.0000377,1
0.000000233,1
0.000000453,1
0.00000235,1
0.00000098,1
0.000000248,1
9.19E-08,1
0.00000141,1
0.00000128,1
0.000000578,1
0.000000366,1
0.000000193,1
0.000000304,1
0.000000177,1
0.000000354,1
0.000000971,1
0.000000358,1
0.00000159,1
0.00000185,1
0.000000997,1
0.00000231,1
0.000000508,1
0.00037441,1
8.52E-08,1
0.00000067,1
0.000000213,1
0.000000395,1
0.000000982,1
0.000000162,1
0.000000202,1
1.43E-08,1
0.00000127,1
0.00000124,1
0.0000532,1
0.00000119,1
0.0000217,1
0.000000276,1
0.00000109,1
0.00000103,1
0.00000183,1
0.029432688,1
0.000000837,1
0.000000368,1
0.00000488,1
0.0000884,1
0.00000178,1
0.00000223,1
0.000000832,1
0.00000115,1
0.00000044,1
0.000000872,1
0.00000135,1
0.000000195,1
0.000000441,1
0.00000298,1
0.000000144,1
0.000000315,1
0.00000066,1
0.000000511,1
0.00000537,1
9.14E-08,1
0.000000514,1
0.00000131,1
0.00000061,1
0.00000578,1
0.00000186,1
0.0000226,1
0.000000207,1
0.00000101,1
0.000000393,1
0.00000118,1
0.00000464,1
0.000000688,1
0.00000202,1
0.00000115,1
0.00000168,1
0.00000199,1
0.0000213,1
0.000000283,1
0.00000447,1
0.00000244,1
0.00096433,1
0.00000182,1
0.000210869,1
0.00000177,1
0.000890024,1
6.88E-08,1
0.00000175,1
0.000000046,1
0.000259146,1
0.00000328,1
0.000000901,1
0.000000849,1
0.000000114,1
0.00000126,1
0.00000244,1
0.00000557,1
0.000000984,1
0.00000165,1
0.00000149,1
0.0000801,1
0.000000174,1
0.00000174,1
0.000000182,1
0.00000102,1
0.000000877,1
0.00000015,1
0.000000498,1
0.00000169,1
0.000000181,1
0.000000157,1
0.00055294,1
0.000000879,1
0.000000376,1
0.000000508,1
0.000000157,1
0.000580681,1
0.00000159,1
0.000621599,1
0.00000174,1
0.000590183,1
0.000110993,1
0.000203468,1
0.00000024,1
0.00000027,1
0.000000758,1
0.000000405,1
0.000000189,1
0.000000142,1
0.000000298,1
0.00000043,1
0.000000191,1
0.000000522,1
0.00016974,1
0.000000112,1
0.00000021,1
0.000000568,1
0.000000242,1
0.000000895,1
0.000000577,1
0.000000619,1
0.000000883,1
0.000000996,1
0.000000358,1
0.00000954,1
0.003549523,1
0.00000117,1
0.000000463,1
0.00000891,1
0.00000314,1
0.000000582,1
0.00000255,1
0.00000146,1
0.000000674,1
0.00000374,1
0.000350678,1
0.000000396,1
0.00000515,1
0.0000011,1
0.00000124,1
7.16E-08,1
0.00000265,1
0.000000603,1
0.00000254,1
0.000346044,1
0.00000539,1
0.000410522,1
0.00181315,1
0.000384186,1
0.001041491,1
0.000065,1
0.00000145,1
5.82E-08,1
0.00000195,1
0.000000336,1
0.00016952,1
0.000000538,1
0.00000389,1
0.00000196,1
6.38E-08,1
0.0000643,1
0.0000624,1
0.000000195,1
0.00000037,1
0.000000368,1
0.00000208,1
0.00000093,1
0.000000377,1
0.00013535,1
0.000000178,1
0.000000778,1
0.000000544,1
0.000000112,1
0.000708515,1
0.00000137,1
0.0000081,1
0.000000351,1
0.000339341,1
0.008861961,1
0.0000346,1
0.0000233,1
0.00000234,1
0.000181208,1
0.00000144,1
0.00000179,1
0.000000794,1
0.00000587,1
0.00000242,1
0.00000475,1
0.000000768,1
0.0000134,1
0.00000309,1
0.000000255,1
0.00000459,1
0.000000547,1
0.0000168,1
0.00000019,1
0.000000804,1
0.000000089,1
0.000000398,1
0.000127949,1
0.001320166,1
0.000109329,1
0.00000364,1
0.00000153,1
0.000000277,1
0.000000693,1
0.0000123,1
0.00000385,1
0.00000633,1
0.00000243,1
0.00000428,1
0.00000245,1
0.000187208,1
0.00000642,1
0.00000198,1
0.000000484,1
0.00000234,1
0.0000036,1
0.000000591,1
0.000000326,1
0.0000099,1
0.00000419,1
0.00000407,1
0.0000142,1
0.00000101,1
0.000750529,1
0.00000344,1
0.000000637,1
0.000000295,1
0.000001,1
0.000000871,1
0.000000204,1
0.000000324,1
0.000000222,1
0.000251555,1
0.000000723,1
0.00256532,1
0.000679525,1
0.0000975,1
0.000046,1
0.000000225,1
0.000163278,1
0.0000002,1
0.000000119,1
0.00000265,1
0.00000211,1
0.00000192,1
0.0000028,1
0.000000233,1
0.000000785,1
0.000000486,1
0.000000623,1
0.000000199,1
0.000000714,1
0.00000106,1
0.000000954,1
0.000227937,1
0.00000164,1
0.00000031,1
0.000000914,1
7.13E-08,1
0.00000152,1
0.00000176,1
0.000000665,1
0.00000192,1
0.00000058,1
0.00000104,1
0.000119065,1
0.000000496,1
0.000000648,1
0.00000172,1
0.000188638,1
0.000243496,1
0.000220635,1
0.000203876,1
0.000000372,1
0.000542281,1
0.003404329,1
0.000381635,1
0.000000845,1
0.00000162,1
0.000000972,1
0.000149839,1
0.000001,1
0.000000216,1
0.000000218,1
0.000000195,1
0.00000015,1
0.000000695,1
0.00000286,1
0.000328739,1
0.0000543,1
0.000223121,1
0.000247243,1
0.000370143,1
0.00000588,1
0.00000493,1
0.000442624,1
0.000000598,1
0.000024,1
0.0000198,1
0.000085,1
0.000034,1
0.000000233,1
0.000726448,1
0.000000871,1
0.000334524,1
0.00000784,1
1.27E-08,1
0.00000015,1
0.0000214,1
0.00000394,1
0.0000352,1
0.000033,1
0.0000388,1
0.0001689,1
0.000415036,1
0.000140048,1
0.0000183,1
0.00000203,1
0.000000254,1
0.0000216,1
0.0000896,1
0.00000742,1
0.000037,1
0.000000289,1
0.0000271,1
0.0000883,1
0.002722126,1
0.000293856,1
0.000769439,1
0.000190323,1
0.000770028,1
0.0000772,1
0.00017671,1
0.0000533,1
0.000176719,1
0.00000251,1
0.00000379,1
0.001723323,1
0.0000701,1
0.0000199,1
0.0000641,1
0.0000244,1
0.000165119,1
0.0014637,1
0.002187293,1
0.000139039,1
0.000132942,1
0.000853489,1
0.000419408,1
0.001681576,1
0.000152275,1
0.000532128,1
0.000660084,1
0.006203829,1
0.003751876,1
0.003448027,1
0.000654053,1
0.0000901,1
0.008711293,1
0.007217038,1
0.000733663,1
0.000720619,1
0.002905011,1
0.004277092,1
0.1971684,1
0.014532732,1
0.00000874,1
0.8976452,1
0.78658116,1
0.36763397,1
0.011490976,1
0.03668896,1
0.053411234,1
0.13518937,1
0.0000242,1
0.048249878,1
0.016662022,1
0.007045148,1
0.003344348,1
0.012004375,1
0.002237203,1
0.004483482,1
0.003189215,1
0.001404259,1
0.000804308,1
0.0000879,1
0.002923918,1
0.000617982,1
0.001405169,1
0.000839174,1
0.001025413,1
0.001589928,1
0.00056651,1
0.002445182,1
0.000936819,1
0.001097529,1
0.0000309,1
0.003366278,1
0.000215949,1
0.000678633,1
0.000579293,1
0.000409502,1
0.000551869,1
0.000879693,1
0.00030974,1
0.002042939,1
0.000273592,1
0.0000233,1
0.0000909,1
0.000201233,1
0.0000724,1
0.000149303,1
0.000258602,1
0.000705211,1
0.000200887,1
0.000391225,1
0.000239097,1
0.0000371,1
0.0000652,1
0.000622758,1
0.001986968,1
0.001004261,1
0.000254134,1
0.002613497,1
0.000134429,1
0.000233427,1
0.000726419,1
0.0000843,1
0.000476781,1
0.0000241,1
0.000772387,1
0.001384446,1
0.001341084,1
0.000952382,1
0.000570651,1
0.000219611,1
0.000143088,1
0.00125826,1
0.000424457,1
0.000553439,1
0.001285638,1
0.000264942,1
0.004948773,1
0.000544796,1
0.000758187,1
0.000969868,1
0.000434051,1
0.000163046,1
0.00058786,1
0.002406258,1
0.000719534,1
0.0000804,1
0.000155704,1
0.00004,1
0.000867933,1
0.000463981,1
0.0000519,1
0.0000988,1
0.0000184,1
0.000127455,1
0.0000942,1
0.0000809,1
0.000236638,1
0.00065122,1
0.00013638,1
0.000132419,1
0.0000699,1
0.0000873,1
0.00011334,1
0.000141541,1
0.000410859,1
0.000158631,1
0.000130476,1
0.000653225,1
0.0000924,1
0.000138653,1
0.000265991,1
0.000529565,1
0.000336466,1
0.000219912,1
0.0000603,1
0.000202999,1
0.000093,1
0.001437556,1
0.000105145,1
0.000971387,1
0.000139729,1
0.0000906,1
0.000124094,1
0.0000226,1
0.0000263,1
0.0000282,1
0.0000335,1
0.0000195,1
0.000654276,1
0.000199187,1
0.001190649,1
0.000235221,1
0.001718186,1
0.00556706,1
0.001989817,1
0.007957529,1
0.00037059,1
0.00000278,1
0.004140727,1
0.000551032,1
0.001485562,1
0.000387592,1
0.00431316,1
0.003133888,1
0.001206547,1
0.000792124,1
0.000648978,1
0.000901503,1
0.00023934,1
0.000219604,1
0.000016,1
0.00015056,1
0.00132994,1
0.001470431,1
0.0000579,1
0.000143867,1
0.0000105,1
0.000239551,1
0.000139412,1
0.000114705,1
0.000177926,1
0.000185392,1
0.000434937,1
0.00010203,1
0.000111714,1
0.000373485,1
0.0000932,1
0.0000389,1
0.0000885,1
0.0000419,1
0.11993063,1
0.006995101,1
0.000238605,1
0.0000425,1
0.000263758,1
0.001587905,1
0.000957383,1
0.000116199,1
0.0000775,1
0.0000845,1
0.0000677,1
0.00068569,1
0.000272988,1
0.004491778,1
0.001799911,1
0.000457195,1
0.000287267,1
0.000128322,1
0.001033704,1
0.0000693,1
0.00039724,1
0.000229711,1
0.000390681,1
0.000400254,1
0.000289618,1
0.000183749,1
0.001077002,1
0.001153972,1
0.001104075,1
0.00205264,1
0.000534274,1
0.000589243,1
0.000951712,1
0.000140736,1
0.001753832,1
0.000251434,1
0.001348667,1
0.004560051,1
0.000174435,1
0.000230325,1
0.000234387,1
0.000203876,1
0.00399328,1
0.000174347,1
0.002772125,1
0.000699306,1
0.000244386,1
0.000272785,1
0.000348275,1
0.000303611,1
0.000229457,1
0.00063329,1
0.002745642,1
0.000471357,1
0.000465907,1
0.000805939,1
0.001053757,1
0.001869505,1
0.004145172,1
0.00054369,1
0.000517632,1
0.0000752,1
0.0000103,1
0.000797069,1
0.000733154,1
0.000438455,1
0.000329635,1
0.00018972,1
0.000577858,1
0.000784146,1
0.001049896,1
0.000227345,1
0.000835918,1
0.000250434,1
0.000360836,1
0.0000417,1
0.000272448,1
0.000378831,1
0.000191669,1
0.000104768,1
0.000453637,1
0.000069,1
0.000169822,1
0.000184173,1
0.000100515,1
0.000178703,1
0.0000262,1
0.000243183,1
0.000585523,1
0.000195374,1
0.002688923,1
0.000204482,1
0.00058429,1
0.000242911,1
0.000130359,1
0.000017,1
0.000712899,1
0.000448412,1
0.00000996,1
0.0000169,1
0.0000514,1
0.0000777,1
0.0000842,1
0.0000312,1
0.000162544,1
0.0000441,1
0.0000753,1
0.000146329,1
0.000138513,1
0.000110202,1
0.00029221,1
0.002850781,1
0.0000846,1
0.00012676,1
0.000138821,1
0.0000601,1
0.000318661,1
0.000104119,1
0.000153465,1
0.0000335,1
0.000224132,1
0.0000492,1
0.0000515,1
0.00002,1
0.0000465,1
0.00000419,1
0.000109119,1
0.0000322,1
0.000212492,1
0.0000186,1
0.0000236,1
0.0000396,1
0.0000364,1
0.00000625,1
0.0000118,1
0.0000326,1
0.000114014,1
0.000521268,1
0.0000455,1
0.000115801,1
0.0000117,1
0.0000344,1
0.0000125,1
0.0000238,1
0.00000456,1
0.0000188,1
0.0000546,1
0.0000127,1
0.00000682,1
0.00000384,1
0.000426813,1
0.0000496,1
0.0000156,1
0.0000209,1
0.0000257,1
0.0000446,1
0.00000788,1
0.0000189,1
0.0000179,1
0.0000501,1
0.0000419,1
0.000159868,1
0.000034,1
0.000027,1
0.00000644,1
0.000214414,1
0.0000308,1
0.0000532,1
0.000100864,1
0.0000373,1
0.0000434,1
0.0000369,1
0.00031831,1
0.0000722,1
0.000112403,1
0.0000277,1
0.0000321,1
0.0000584,1
0.000209549,1
0.0000536,1
0.0000115,1
0.00000884,1
0.000078,1
0.000777107,1
0.000134223,1
0.0000434,1
0.000173024,1
0.0000352,1
0.0000133,1
0.00000686,1
0.00000162,1
0.0000158,1
0.00000914,1
0.00000294,1
0.001419486,1
0.0000714,1
0.0000266,1
0.000108908,1
0.000041,1
0.0000101,1
0.0000274,1
0.0000169,1
0.0000139,1
0.00000586,1
0.0000893,1
0.000282042,1
0.0000344,1
0.000151956,1
0.0000246,1
0.000121418,1
0.000159433,1
0.0000727,1
0.000425203,1
0.0000356,1
0.0000179,1
0.0000079,1
0.000217018,1
0.000083,1
0.000362644,1
0.0000252,1
0.000457776,1
0.000474303,1
0.000132125,1
0.000295642,1
0.0000512,1
0.00047612,1
0.000177252,1
0.00000257,1
0.000123861,1
0.000122233,1
0.000198982,1
0.000196979,1
0.0000563,1
0.000054,1
0.000226153,1
0.000608637,1
0.000119678,1
0.000126359,1
0.00000138,1
0.000499178,1
0.000176282,1
0.000641835,1
0.00137585,1
0.0000129,1
0.017557042,1
0.023714628,1
0.001559318,1
0.000556488,1
0.000601714,1
0.00171501,1
0.001750172,1
0.004989205,1
0.00000108,1
0.00158397,1
0.00000723,1
0.000330576,1
0.001911269,1
0.000392444,1
0.004562947,1
0.001913859,1
0.000236689,1
0.0000649,1
0.0000697,1
0.000000993,1
0.000000597,1
0.000000233,1
0.000000752,1
0.000000224,1
0.00000852,1
0.00000443,1
0.00000766,1
0.00000431,1
0.00000162,1
0.00000325,1
0.000033,1
0.00000496,1
0.00000446,1
0.0000141,1
0.00000319,1
0.00000252,1
0.00000507,1
0.00000582,1
0.0000156,1
0.000031,1
0.00000484,1
0.00000371,1
0.00000955,1
0.0000127,1
0.000000847,1
0.00000253,1
0.000000754,1
0.00000134,1
0.00000221,1
0.00000302,1
0.00000028,1
0.00000088,1
0.0000037,1
0.00000208,1
0.00000601,1
0.00000112,1
0.00000957,1
0.00000504,1
0.0000729,1
0.00000274,1
0.00000369,1
0.000189332,1
0.0000187,1
0.00000942,1
0.0000465,1
0.0000499,1
0.00000645,1
0.00000845,1
0.000056,1
0.0000164,1
0.0000208,1
0.0000397,1
0.00000902,1
0.0000377,1
0.000113374,1
0.000193604,1
0.0000265,1
0.00000433,1
0.00000226,1
0.0000183,1
0.0000142,1
0.00000278,1
0.0000106,1
0.0000213,1
0.0000113,1
0.00000488,1
0.00000442,1
0.00000355,1
0.0000046,1
0.00000717,1
0.00000466,1
0.000013,1
0.0000299,1
0.00000233,1
0.00000163,1
0.00000375,1
0.000012,1
0.001066283,1
0.000758457,1
0.000126291,1
0.00000339,1
0.004015222,1
0.001095066,1
0.02206715,1
0.000329483,1
0.008277956,1
0.00000247,1
0.000011,1
0.000246998,1
0.000366683,1
0.00057735,1
0.001411491,1
0.00064637,1
0.0000039,1
0.000103958,1
0.00000486,1
0.00000825,1
0.000309209,1
0.000111911,1
0.00001,1
0.0000207,1
0.000417289,1
0.0000322,1
0.0000921,1
0.0000104,1
0.0000368,1
0.0000221,1
0.00000859,1
0.0000441,1
0.00000469,1
0.00000291,1
0.000007,1
0.0000201,1
0.000035,1
0.00000097,1
0.000000979,1
0.000000505,1
